#####PARAMETERS#####
dropOut_alpha=NaN
preTrain_learningRate=0.1
dropOut_beta=NaN
epoch=1000
fineTune_learningRate=15
CD_k=1
classifier=logisticRegression
label_number=1
dropOut_standard=0.5
hidden_layers=40,20
preTrain_randomSeed=32553532
mode=CV_20



CV_20 RESULT
1615 instances
left 1 columns are outputs
right 1 columns are original lables
~~~~~~~~~~~~~~~~~~~~~~~~~~~~~~~~~~~~~~~~~~~~
0.011255012653472693	0.0	
0.012784602482182572	0.0	
0.011227559411953426	0.0	
0.017808974033723595	0.0	
0.011222699747459952	0.0	
0.8307191298886655	0.0	
0.015288214793538589	0.0	
0.011801546693129637	0.0	
0.06248989178344145	1.0	
0.011889756304551065	0.0	
0.011740765633346344	0.0	
0.9948391428280619	1.0	
0.012504733258442093	0.0	
0.011449108257316907	0.0	
0.012379305591644216	0.0	
0.011244092901867907	0.0	
0.01123431618970631	0.0	
0.011904303734844001	0.0	
0.011196100451979003	0.0	
0.9954795971055969	1.0	
0.04022651130784487	0.0	
0.015609254701477992	0.0	
0.011186830690763776	0.0	
0.01152016813643827	0.0	
0.01120173085766845	0.0	
0.011460170672191575	1.0	
0.9974165624808804	1.0	
0.011205437111495287	0.0	
0.014384392474839278	1.0	
0.011194836304331098	0.0	
0.011463137415976545	0.0	
0.9976069728039737	1.0	
0.011183430753286577	0.0	
0.0181373295801613	1.0	
0.01148169442969004	0.0	
0.015012698362295908	0.0	
0.9989744386223377	1.0	
0.01232593026699104	0.0	
0.11721993612966553	0.0	
0.01126092902947941	0.0	
0.011382823768526895	0.0	
0.01829297161865289	0.0	
0.011325115466984078	0.0	
0.012024545018040459	1.0	
0.01144467891147464	0.0	
0.013355155218319842	0.0	
0.011244092901867907	0.0	
0.9984542844460859	0.0	
0.19616157199419643	0.0	
0.013921533101211648	1.0	
0.9980527382257829	1.0	
0.011200026824090072	0.0	
0.9974165624808804	1.0	
0.013891753676371847	0.0	
0.8994751136698239	1.0	
0.01247772275796771	1.0	
0.011217139885967915	0.0	
0.011200636126938134	0.0	
0.01779083315536692	0.0	
0.012433058313465193	0.0	
0.012861383950944492	0.0	
0.011181392493028946	0.0	
0.011426401020748544	0.0	
0.16606204102702016	0.0	
0.01595093741106067	0.0	
0.9843985950236341	0.0	
0.011294883577844852	0.0	
0.011512236201783719	0.0	
0.011247250068990603	0.0	
0.9977320093041082	1.0	
0.017929634759542595	0.0	
0.9980418743334748	1.0	
0.011440587948100716	0.0	
0.011187161864197591	0.0	
0.998415787585983	1.0	
0.011181460054292245	0.0	
0.8860579809465264	0.0	
0.0116081965386923	0.0	
0.9983770306318052	1.0	
0.011181242698074948	0.0	
0.012793416211412091	0.0	
0.009934727532514757	0.0	
0.012999052610396354	0.0	
0.011027631636472926	0.0	
0.01006109123605436	0.0	
0.014280928167807096	0.0	
0.023742331683266095	1.0	
0.9990151662364207	1.0	
0.009896105855470376	0.0	
0.009914299086012539	0.0	
0.009921339829409601	0.0	
0.009938891929825482	0.0	
0.009867895476514305	0.0	
0.010551086407639569	0.0	
0.009867895476514305	0.0	
0.011701313172777153	0.0	
0.8789556949786859	0.0	
0.010339860136092387	0.0	
0.011332776410669794	0.0	
0.010380168057599082	1.0	
0.010052753236893749	0.0	
0.009888584982939116	1.0	
0.010238530741378557	0.0	
0.010482203438275566	0.0	
0.009864786733618442	0.0	
0.030633461967304005	1.0	
0.010356089779640287	0.0	
0.009955459049455221	0.0	
0.011986414148203655	0.0	
0.009862359676129594	0.0	
0.01060149415005534	0.0	
0.009864854532962142	0.0	
0.013533975533082747	0.0	
0.9766974922834347	1.0	
0.009873868107101714	0.0	
0.010810107356930228	0.0	
0.997236192628057	1.0	
0.009867899985927858	0.0	
0.0209818128208038	0.0	
0.010152923190764288	0.0	
0.010101247729165128	0.0	
0.009909365845973295	0.0	
0.009920652072220532	0.0	
0.010266431864776998	0.0	
0.009863258365781603	0.0	
0.01000816409394926	0.0	
0.9990216652795312	1.0	
0.010006107980343194	0.0	
0.009893677785938698	1.0	
0.4473124199951608	1.0	
0.2201297232804703	1.0	
0.9971909679399664	0.0	
0.05967823405148378	0.0	
0.015398150600901675	0.0	
0.009902258956318247	0.0	
0.01006022903152304	0.0	
0.009862042697356811	0.0	
0.010769996871662144	0.0	
0.013836003094511998	0.0	
0.995568085223642	1.0	
0.013526827182176378	0.0	
0.010240261387424565	1.0	
0.009972487548371501	0.0	
0.011701313172777153	0.0	
0.9964503703615353	1.0	
0.010850499239996998	0.0	
0.010552243337632515	1.0	
0.015952432843617515	1.0	
0.021973441453223636	1.0	
0.02425614817148577	0.0	
0.08694219825431114	1.0	
0.7177176476429987	1.0	
0.011149632213190954	0.0	
0.009866781274427621	0.0	
0.009919275032665454	0.0	
0.011022574057434464	0.0	
0.018096597009470992	0.0	
0.8821738354007836	1.0	
0.010551086407639569	0.0	
0.009951064909558372	0.0	
0.01091091424066098	0.0	
0.010912124674938193	0.0	
0.010915146188185877	1.0	
0.010934478390796344	0.0	
0.9989207153087013	1.0	
0.010959921434667085	0.0	
0.014047359819125967	1.0	
0.06071128866157124	0.0	
0.01107094186563826	0.0	
0.011122989360190186	0.0	
0.010933661281748483	0.0	
0.027996282576591456	0.0	
0.012052928915416396	0.0	
0.08043953620704536	1.0	
0.0112917407934858	0.0	
0.011150885383594477	0.0	
0.9985406751964104	1.0	
0.011698375056561136	0.0	
0.010922479838384604	0.0	
0.9955551991800043	1.0	
0.028807330015586007	0.0	
0.018111336604261924	1.0	
0.016005680152591913	0.0	
0.012008906042328626	1.0	
0.010919630609090838	0.0	
0.9974964412760896	1.0	
0.01378119030111599	1.0	
0.012408491786840045	0.0	
0.01939326296240757	0.0	
0.011042016273739694	0.0	
0.010962654779133236	0.0	
0.015458352659172942	0.0	
0.013355802170367	0.0	
0.01364615326993099	0.0	
0.9992465217474624	1.0	
0.011477524876486372	0.0	
0.011056875924476113	0.0	
0.04976463825858437	0.0	
0.01142130951236953	0.0	
0.5295612449580378	0.0	
0.015819584333675533	1.0	
0.9924372418251047	1.0	
0.013354150917910935	1.0	
0.9125699219314878	1.0	
0.4201217085278301	1.0	
0.011295469472768797	0.0	
0.011142484278201031	0.0	
0.011160118865749634	1.0	
0.010946473015541707	0.0	
0.011149769589410654	0.0	
0.0112893866770327	0.0	
0.010936284019269622	1.0	
0.9954664506757711	1.0	
0.011497848137224057	0.0	
0.9980421976656196	1.0	
0.6649150337140552	1.0	
0.41229028528906647	1.0	
0.9828727646568206	1.0	
0.011481722891640574	0.0	
0.9978079055446307	1.0	
0.011442022056829974	0.0	
0.011075086345808878	0.0	
0.014014356370415022	0.0	
0.01121426022772487	0.0	
0.9901739631133384	0.0	
0.010980034570168403	0.0	
0.9930377923322237	1.0	
0.011632401013249668	0.0	
0.010938468932386574	0.0	
0.010974017096204436	0.0	
0.3034576244554879	1.0	
0.014432184302695779	0.0	
0.9922432962528298	1.0	
0.20539782660565511	0.0	
0.011168406822023158	0.0	
0.9988316193863298	1.0	
0.011518228886325865	0.0	
0.010929964088915245	0.0	
0.012145112282314546	0.0	
0.011611352463508378	0.0	
0.9984475971129069	1.0	
0.991584625216335	0.0	
0.010739543059271488	0.0	
0.01099139794620214	0.0	
0.997970098149123	1.0	
0.010812696173527207	0.0	
0.010108526837067585	0.0	
0.9993115798733438	1.0	
0.997162453420141	1.0	
0.010096066609828116	0.0	
0.010260880642542885	0.0	
0.010254110245155846	0.0	
0.01025508012103688	0.0	
0.8892879420408426	1.0	
0.16950034552690119	1.0	
0.010134201696764366	1.0	
0.9974508098858745	1.0	
0.09119079792807942	0.0	
0.01011945042020459	0.0	
0.010848161565515196	0.0	
0.0266562262417476	0.0	
0.9982057897119225	1.0	
0.010848161565515196	0.0	
0.01012667295508855	0.0	
0.010529100720089838	0.0	
0.010403359095253743	0.0	
0.010793419062220878	0.0	
0.012793885240620652	0.0	
0.17481822920519488	0.0	
0.9957857009857198	1.0	
0.010507318172190997	0.0	
0.010298379104266658	0.0	
0.05575549456376995	1.0	
0.010106898569686237	0.0	
0.9614485773772413	1.0	
0.021349613891851266	0.0	
0.010090287624294569	0.0	
0.6265804642898888	1.0	
0.010100699077159873	0.0	
0.010643056161297265	0.0	
0.010631063915157939	0.0	
0.010088279209043385	0.0	
0.010600268081088087	0.0	
0.010204267333200342	0.0	
0.9983175515083822	1.0	
0.010478580210081034	0.0	
0.010096292859032952	0.0	
0.010113931544212192	0.0	
0.5166819311167481	1.0	
0.011387294337200067	0.0	
0.9987253061756746	0.0	
0.01022397364324488	0.0	
0.997970098149123	1.0	
0.01011334333064506	0.0	
0.01009138261936465	0.0	
0.9990316920425161	1.0	
0.015843486545747604	1.0	
0.010264861204748935	0.0	
0.9992871969813044	1.0	
0.9777567031426538	1.0	
0.02391704726766632	1.0	
0.04823060571462729	0.0	
0.014148174392802536	1.0	
0.9964369073435941	0.0	
0.010903176985859424	0.0	
0.010594182018363518	0.0	
0.019038757771356628	0.0	
0.013831459020660014	0.0	
0.010903176985859424	0.0	
0.9989646541316591	1.0	
0.9985705302204685	1.0	
0.011805872009609645	0.0	
0.010427041417376243	0.0	
0.010729354915073808	0.0	
0.010364528644186856	1.0	
0.011188177930289573	0.0	
0.022793853497542035	0.0	
0.010095502683732044	0.0	
0.9993971538083546	1.0	
0.0112243720927792	0.0	
0.012668258137919898	0.0	
0.012189243991200856	0.0	
0.01380158121959912	0.0	
0.011984752011023081	0.0	
0.26194023413502926	0.0	
0.012225694486468696	0.0	
0.9975692383538031	1.0	
0.024073379992114743	0.0	
0.7088353236438893	0.0	
0.02293554325102287	0.0	
0.9984593350783338	1.0	
0.01196987074873099	0.0	
0.021362823550290008	0.0	
0.012941143996148369	0.0	
0.012158305771044483	0.0	
0.01461530190570253	0.0	
0.9981679265228418	1.0	
0.01197079942529072	0.0	
0.03260696483792155	0.0	
0.011983289625300089	0.0	
0.012014361919342603	0.0	
0.012068866184956535	0.0	
0.012146974997573818	0.0	
0.01417831156936266	0.0	
0.9944560810834409	1.0	
0.012334075024301538	0.0	
0.01845375249727085	0.0	
0.012134215491085051	0.0	
0.02069697498621096	1.0	
0.0119928955374549	0.0	
0.012328756705549783	0.0	
0.815808621794279	1.0	
0.01220938430751654	0.0	
0.026802397093599082	0.0	
0.01402669581422293	0.0	
0.012796791551804895	0.0	
0.012107621838003551	0.0	
0.9916660808218591	1.0	
0.9975692383538031	1.0	
0.01197143729387386	0.0	
0.01199042441355274	0.0	
0.018983386759150473	0.0	
0.011975556916896698	0.0	
0.012088043120157854	0.0	
0.011999051239423502	0.0	
0.056914419543284515	0.0	
0.01376300353910444	1.0	
0.01864342725009596	0.0	
0.012150554310848246	0.0	
0.9701685274871054	1.0	
0.014251116516032298	0.0	
0.011988447036946008	0.0	
0.998615320354875	1.0	
0.011981910564923674	0.0	
0.995910537945992	1.0	
0.026147916828927784	1.0	
0.997606720596678	1.0	
0.012104844392778277	0.0	
0.02145547245387791	1.0	
0.06284907931739588	0.0	
0.20209649740433694	0.0	
0.014039216532819926	0.0	
0.0122326915075518	0.0	
0.99694975552236	1.0	
0.01266644568361797	0.0	
0.9984984116077336	1.0	
0.09528493508523979	0.0	
0.9916660808218591	1.0	
0.04363384628113834	1.0	
0.01221857686218804	0.0	
0.01196857296006062	0.0	
0.9961317870325991	1.0	
0.012139073500631066	0.0	
0.011976410896069488	0.0	
0.014014581987751231	1.0	
0.05779657027797141	1.0	
0.012094194838389001	0.0	
0.015623898836608053	0.0	
0.01300092494972788	0.0	
0.9961800480781149	1.0	
0.012358754068805176	0.0	
0.012277934407338252	0.0	
0.012357675554422923	0.0	
0.012792447430908448	0.0	
0.9979030228696035	1.0	
0.03575770744648115	0.0	
0.9963250512643815	1.0	
0.012433773312387493	0.0	
0.014073469675842228	0.0	
0.015113300696053345	0.0	
0.012231986150554264	0.0	
0.012368004687427093	0.0	
0.08549997660066337	0.0	
0.01283453166724022	0.0	
0.02747017683025649	1.0	
0.013160586824508515	0.0	
0.999089766955653	0.0	
0.9981840621316066	1.0	
0.012226886847525622	0.0	
0.02485901388917239	1.0	
0.01280686076516073	0.0	
0.012280531231294481	0.0	
0.09157795937577776	1.0	
0.9989930543347395	1.0	
0.015692192224234375	0.0	
0.012246787583191782	0.0	
0.6824360916672495	0.0	
0.012537174114159494	0.0	
0.9961480037277752	1.0	
0.1895442032302395	1.0	
0.014339538419745813	1.0	
0.9823075241288802	0.0	
0.015093793666270162	0.0	
0.012670618694127458	0.0	
0.012577380895752062	0.0	
0.012223755266934656	0.0	
0.012238019970234429	0.0	
0.9652010417385066	0.0	
0.012495340455106333	0.0	
0.1650417389860252	1.0	
0.9596426225802522	0.0	
0.9963178363534476	1.0	
0.9986603900157109	1.0	
0.01308539670753268	0.0	
0.012289403175000364	0.0	
0.013726988606422153	0.0	
0.049100887472013216	0.0	
0.01651417327270573	0.0	
0.9990041405978092	1.0	
0.8863733915573447	1.0	
0.9666542057306275	1.0	
0.027056741862057563	0.0	
0.020743072916265738	0.0	
0.013160586824508515	0.0	
0.013291500363980987	0.0	
0.9978330421706438	1.0	
0.030227215203012647	0.0	
0.04811046519327528	0.0	
0.01281788747782776	0.0	
0.01249673550417575	0.0	
0.014070320898123498	0.0	
0.0792427349380602	0.0	
0.13828927429952714	0.0	
0.012795328406365276	0.0	
0.01718033499374099	1.0	
0.06274003148979986	0.0	
0.11101963058283143	1.0	
0.012680651866556656	0.0	
0.012250093596253953	0.0	
0.012238248517843756	0.0	
0.9983607389248093	1.0	
0.012903995248253577	0.0	
0.02962576986993936	0.0	
0.9892083234669348	0.0	
0.01750429311664403	0.0	
0.9984325591764911	0.0	
0.06111170125446051	1.0	
0.9975211412336673	1.0	
0.012525228302414353	0.0	
0.012752764584516667	0.0	
0.012084001791841754	0.0	
0.996047743877211	1.0	
0.01738225521716591	1.0	
0.010454129030561032	0.0	
0.9969557977141832	0.0	
0.010462899752402598	0.0	
0.9778089824520759	1.0	
0.5962852424163204	0.0	
0.010476066108998382	0.0	
0.01045412654244425	0.0	
0.01052566063161485	0.0	
0.01585576689362661	0.0	
0.010511481771806958	0.0	
0.010560983554387268	0.0	
0.010951130479398647	0.0	
0.010675730163530532	0.0	
0.011703761940908235	0.0	
0.01063326086416844	0.0	
0.9992942134431805	1.0	
0.013382715829438386	0.0	
0.010683625103278254	0.0	
0.9828110218618128	0.0	
0.21744968557420916	0.0	
0.9942535138118616	0.0	
0.9992914966727912	1.0	
0.05813500466531495	0.0	
0.9945109321577149	0.0	
0.0140049975145106	0.0	
0.9991899665133948	1.0	
0.013156196414947124	1.0	
0.015330506389472072	0.0	
0.012289216674021714	0.0	
0.010516305160972529	0.0	
0.9982434319614515	1.0	
0.010667041777354292	0.0	
0.9978200812647481	1.0	
0.010630512257111407	0.0	
0.8521740991161567	1.0	
0.9978200812647481	1.0	
0.9907885039550709	1.0	
0.9964789114561645	1.0	
0.012544308690604885	1.0	
0.014863677795551205	1.0	
0.9230757877558454	1.0	
0.010462266121921023	0.0	
0.029629137318523874	0.0	
0.010549764573718588	0.0	
0.010491970289926439	0.0	
0.9971307379202768	1.0	
0.01081697099623019	1.0	
0.9990454966925968	1.0	
0.9393656868317042	1.0	
0.012601037757077313	0.0	
0.22118575288554262	1.0	
0.010600197177735485	0.0	
0.010537354579331573	0.0	
0.010462266121921023	0.0	
0.010726085054951796	0.0	
0.010490623560474008	0.0	
0.010473390116851347	0.0	
0.011373994992690303	0.0	
0.011205466788247584	0.0	
0.01056781181224242	1.0	
0.010578255563385812	0.0	
0.9983871828059988	0.0	
0.4866112540017066	0.0	
0.9979402452112428	1.0	
0.014759409631481918	0.0	
0.011135636418610276	0.0	
0.04880747357284544	1.0	
0.02112767320214965	0.0	
0.010464539689720775	0.0	
0.027893191666571917	0.0	
0.9989021802396082	1.0	
0.9982434319614515	1.0	
0.010689328349544525	0.0	
0.9954207609288667	0.0	
0.010455982048499669	0.0	
0.011135325270533186	0.0	
0.011255767051970523	0.0	
0.01099160220594778	0.0	
0.011138456310709392	0.0	
0.01263063956648903	0.0	
0.01104006121065867	0.0	
0.010983943346051484	0.0	
0.014075422230608705	0.0	
0.02953821437950339	0.0	
0.01139358433625479	0.0	
0.028558248388259256	1.0	
0.9978394696695972	0.0	
0.01099120999834525	0.0	
0.011372102429102136	0.0	
0.011348223987029074	0.0	
0.012447337262890943	0.0	
0.012991647920986915	0.0	
0.011071426445088472	0.0	
0.011563241052578579	0.0	
0.01104327040687796	0.0	
0.013803256085571607	0.0	
0.011222209357388905	0.0	
0.03645237586926874	1.0	
0.018546343885104306	0.0	
0.011540635086409349	0.0	
0.01151312375214003	0.0	
0.9987154258501216	1.0	
0.011124617722500315	0.0	
0.9981574515700805	1.0	
0.013521818028507493	1.0	
0.01319201193989614	1.0	
0.01126319530559172	0.0	
0.024045778206411676	0.0	
0.03696646617543763	1.0	
0.010983943346051484	0.0	
0.012502797992982517	1.0	
0.011135323727083828	0.0	
0.011380781554257107	0.0	
0.01121126086373922	0.0	
0.011156332030286164	0.0	
0.9986239638653471	1.0	
0.012728557939971838	1.0	
0.47255529156365245	0.0	
0.9968508442346989	1.0	
0.01180735498815123	0.0	
0.011623257758423612	0.0	
0.024845460789091462	0.0	
0.016125003622791748	0.0	
0.999013525648847	1.0	
0.019622482737328473	0.0	
0.012800406483065234	0.0	
0.011357159055555217	0.0	
0.7050420427403852	0.0	
0.011002583767322723	0.0	
0.011673762136912081	0.0	
0.9981519988938037	1.0	
0.9981938400734739	1.0	
0.9978394696695972	1.0	
0.5123105945791584	1.0	
0.011317955102719428	0.0	
0.03696646617543763	0.0	
0.8810361836203885	1.0	
0.011590778513679994	0.0	
0.011088546872845039	0.0	
0.01099574549578769	0.0	
0.028161481354044282	0.0	
0.011053657784415688	0.0	
0.5233840672296688	1.0	
0.9990457724218428	1.0	
0.011222862655920401	0.0	
0.9963703011197261	1.0	
0.0111642389230495	0.0	
0.011069596669701084	0.0	
0.02242038254591311	1.0	
0.037358214603118806	1.0	
0.053870681771804936	0.0	
0.9987045027304751	1.0	
0.9286215364852836	1.0	
0.012672451134816905	0.0	
0.6388891267520665	0.0	
0.012447337262890943	0.0	
0.011547643446204412	0.0	
0.9988919782516524	1.0	
0.01113872191143256	0.0	
0.011135730054573578	0.0	
0.08390928963259026	0.0	
0.011190812960582825	0.0	
0.011139573699612644	0.0	
0.9944293282641179	1.0	
0.017369343113330712	0.0	
0.9983402918791219	1.0	
0.1699284609706978	0.0	
0.011243302842435758	0.0	
0.011304431879899268	0.0	
0.9983606969651669	1.0	
0.013818491478400119	0.0	
0.023879216361701264	0.0	
0.9985762050696136	1.0	
0.011145343843812047	0.0	
0.9982843251531649	1.0	
0.9119682984005542	0.0	
0.013923671025351522	0.0	
0.012407027496080449	0.0	
0.011381587881391559	0.0	
0.011286706377864622	0.0	
0.01221399807053142	0.0	
0.012351100456057869	0.0	
0.011586763735101823	0.0	
0.013382806149772043	0.0	
0.011344024218810747	0.0	
0.012865990597706487	0.0	
0.01340106262206495	0.0	
0.837893874366324	1.0	
0.9982779635523839	1.0	
0.011287680585153117	0.0	
0.011845457750818673	0.0	
0.8422284924336174	0.0	
0.018307340048429162	1.0	
0.015886291050059727	1.0	
0.998897243366856	1.0	
0.012494971709589199	1.0	
0.9846327009127066	1.0	
0.45535460931747956	1.0	
0.011396108321250143	0.0	
0.9985701884825908	1.0	
0.011192633056915204	0.0	
0.06028893463894382	0.0	
0.011424834688889832	0.0	
0.8328402163715086	1.0	
0.13811528019813407	1.0	
0.017927741212453163	0.0	
0.016458794993566225	0.0	
0.01874316731946888	0.0	
0.989452464425134	1.0	
0.22833094838944	0.0	
0.011990530325040018	0.0	
0.03688509632635692	0.0	
0.08853653288804417	1.0	
0.012250471493651214	1.0	
0.011502286568179306	0.0	
0.012751276534667627	1.0	
0.9967294408773459	1.0	
0.011344024218810747	0.0	
0.011162546191470375	0.0	
0.011438615659949844	0.0	
0.011207925777784598	0.0	
0.011375247191691504	0.0	
0.011200314598784122	0.0	
0.011589856197080377	0.0	
0.01368544967644097	0.0	
0.011881213622974481	0.0	
0.011221046054275928	0.0	
0.011167484615250226	0.0	
0.7855484925170673	1.0	
0.01182222418962595	0.0	
0.9984877643433073	1.0	
0.011918727096504841	0.0	
0.012710950401838051	0.0	
0.01114957651417861	0.0	
0.011304925686689862	0.0	
0.011315986771672597	0.0	
0.011165255016290593	0.0	
0.011090412416575463	0.0	
0.971913492006419	1.0	
0.010774283136814599	0.0	
0.02687839270664877	0.0	
0.011174193200217643	0.0	
0.01077418654221179	0.0	
0.6739507427751013	0.0	
0.010785813796832069	0.0	
0.011686786426546384	0.0	
0.9795465308433794	0.0	
0.011733590675006256	0.0	
0.010841651006168403	0.0	
0.010979532891902325	0.0	
0.02339290130687939	0.0	
0.04144895221010285	0.0	
0.9972769705594708	1.0	
0.722638560455061	1.0	
0.1866665095140637	0.0	
0.01367156888313637	0.0	
0.4731148329710336	1.0	
0.13241588927330175	0.0	
0.012084932948903842	0.0	
0.01220285149697009	0.0	
0.9981285215671443	1.0	
0.011266742629129302	1.0	
0.06872511435828926	0.0	
0.010774283136814599	0.0	
0.015605477891480073	1.0	
0.01685573821079999	0.0	
0.9968592214680564	1.0	
0.010848593655332585	0.0	
0.012029107010573838	0.0	
0.9965578481523354	1.0	
0.011120678181805718	0.0	
0.010861861832405112	0.0	
0.010780881913161325	0.0	
0.01085366750385507	0.0	
0.010802998094375993	0.0	
0.02444128536083638	0.0	
0.6277554559822773	0.0	
0.010822871660097728	0.0	
0.2895082378527649	1.0	
0.011311166310997264	0.0	
0.012239420515167744	0.0	
0.012742139656647672	0.0	
0.9984034091916538	1.0	
0.011241043984997708	0.0	
0.010872176761019158	0.0	
0.012817809035089833	0.0	
0.011314285074039334	0.0	
0.010780035599507335	0.0	
0.013270181216555823	0.0	
0.010788455629696785	0.0	
0.010777219366385985	0.0	
0.010798558274333025	0.0	
0.01266989758747957	0.0	
0.01087208299872284	0.0	
0.01098709940549338	1.0	
0.011862532515676026	0.0	
0.01305908281229839	0.0	
0.011096832590827518	0.0	
0.011408449236086582	0.0	
0.5131435285496032	1.0	
0.013738246778458202	0.0	
0.01155082909051957	0.0	
0.010810083147427499	0.0	
0.012885376256178112	0.0	
0.010788106054704413	1.0	
0.011293696927744786	0.0	
0.038070904895818845	0.0	
0.01088163378081596	0.0	
0.03254494998955849	0.0	
0.011725717615893033	0.0	
0.9983133033396561	1.0	
0.011617093378129478	0.0	
0.011256995420526095	0.0	
0.01083430102610271	1.0	
0.024126146211385098	0.0	
0.010819978259925594	0.0	
0.011124765195167412	0.0	
0.9989150567190891	1.0	
0.010758331100422132	0.0	
0.9993320957963394	1.0	
0.010596642699800563	0.0	
0.010605620553617195	0.0	
0.01075011317612132	1.0	
0.010654172051198774	0.0	
0.010865360915754187	0.0	
0.010594960412285933	0.0	
0.6319973395891524	1.0	
0.01082106442283348	0.0	
0.9989008467035154	1.0	
0.010698601328415746	0.0	
0.31477928823526385	1.0	
0.010606570040512811	0.0	
0.9570608774140769	0.0	
0.011396533667615612	0.0	
0.010590008072951851	0.0	
0.5244572808812666	0.0	
0.9993922020946229	1.0	
0.17668035113087147	1.0	
0.9993920417822286	1.0	
0.010641372414493238	0.0	
0.010737996299574984	0.0	
0.06511852802559735	0.0	
0.840813127250967	1.0	
0.01497449081202392	1.0	
0.010722686861255893	0.0	
0.011086866990461894	0.0	
0.010752319883820135	0.0	
0.012789759437336	0.0	
0.010627454804434378	0.0	
0.010786297632471424	0.0	
0.01573359267080534	0.0	
0.011596030796123891	0.0	
0.015443640472946196	0.0	
0.010590020143848739	0.0	
0.9975480220602814	1.0	
0.010591889794189721	0.0	
0.05935055475005879	1.0	
0.010705841341169933	0.0	
0.9974260605949629	1.0	
0.010980824315166017	0.0	
0.010602623903277356	0.0	
0.011773492776368504	1.0	
0.010814742707470085	0.0	
0.01188083347446212	1.0	
0.01099502197988323	0.0	
0.01121350517755668	0.0	
0.011040753239171287	0.0	
0.010590020143848739	0.0	
0.9992246987387954	1.0	
0.1615334466550288	0.0	
0.4163054354237904	0.0	
0.41200376104715736	1.0	
0.010618059929647481	0.0	
0.01065525577852384	0.0	
0.010873679266495071	0.0	
0.1765199954197573	0.0	
0.5078838379863112	1.0	
0.010762482091472715	0.0	
0.010619231629657517	1.0	
0.01066920444848301	0.0	
0.011757707751538437	1.0	
0.9991205931834856	1.0	
0.010589229202098196	0.0	
0.017699484786676253	0.0	
0.010596523156183164	0.0	
0.010708674012406705	0.0	
0.01227056785839573	0.0	
0.010686216211486806	0.0	
0.10252238066468145	0.0	
0.02612970403471997	0.0	
0.9991103213954126	1.0	
0.010675876800986209	0.0	
0.010778419116829255	0.0	
0.010942230872212397	0.0	
0.28397930147775285	1.0	
0.010651910185915804	0.0	
0.9993706783177136	1.0	
0.8170028775910627	1.0	
0.9984482949235838	1.0	
0.011399428310100445	0.0	
0.9973330186493276	1.0	
0.011180469480822217	1.0	
0.013001419412169254	0.0	
0.012553244702044457	0.0	
0.012827944540037554	0.0	
0.011735943347144005	0.0	
0.03076853455685683	0.0	
0.9939653862719519	1.0	
0.10638261434913782	1.0	
0.6166451847559096	0.0	
0.011078423632802438	0.0	
0.011086869085820053	0.0	
0.9965120381110084	1.0	
0.011475498168456881	0.0	
0.01119709755819453	0.0	
0.011225868136472661	0.0	
0.011079537786217532	0.0	
0.9975610148373184	1.0	
0.011681402484316372	0.0	
0.0292054612309126	0.0	
0.011422309753779218	0.0	
0.013479138789329367	0.0	
0.9988680932989557	1.0	
0.011482311333314295	0.0	
0.011243449703112566	0.0	
0.012449675060847562	0.0	
0.011206410542688292	0.0	
0.011400683647401922	0.0	
0.9845323846913001	1.0	
0.014345032281383745	0.0	
0.011094919179547497	0.0	
0.9972077987722414	1.0	
0.011100516713072795	0.0	
0.011356096205843129	0.0	
0.016641517359482324	0.0	
0.9985095222132923	1.0	
0.011071201341115477	0.0	
0.011273951461009946	0.0	
0.011367178615360823	0.0	
0.9988592171772531	1.0	
0.05504871298325031	0.0	
0.6760598825281405	1.0	
0.011120032169289492	1.0	
0.01785584171266144	0.0	
0.018251082946935348	0.0	
0.012543159972654662	0.0	
0.9975257218135407	1.0	
0.01578884504185227	0.0	
0.011307900939045644	0.0	
0.013513447173416921	0.0	
0.011111243236216263	0.0	
0.011072411923392568	0.0	
0.012933578944477091	0.0	
0.01108481024565021	0.0	
0.011185676634354906	0.0	
0.06888686546868332	0.0	
0.011740593505782316	0.0	
0.01158699712482036	0.0	
0.30956939411273865	0.0	
0.01124885099244892	0.0	
0.011104123362291959	0.0	
0.011140210177627587	0.0	
0.012959008154797235	0.0	
0.011072411923392568	0.0	
0.011153423648478883	0.0	
0.01626552164575462	0.0	
0.011070490444887702	0.0	
0.9903355088835453	1.0	
0.012659036410981102	1.0	
0.011429376261396352	0.0	
0.09870077867838313	0.0	
0.01107289714928551	0.0	
0.011606239833484975	0.0	
0.012543159972654662	0.0	
0.012861173285216175	0.0	
0.7056945398240688	1.0	
0.011099961919202591	0.0	
0.013801009222161046	1.0	
0.011641769181625254	0.0	
0.01108346992579434	0.0	
0.9990191952842733	0.0	
0.013091673075080475	0.0	
0.7981880053301017	1.0	
0.01131843762911197	0.0	
0.019184177222397868	0.0	
0.012535077163154697	0.0	
0.011621305750122022	0.0	
0.012844451392113996	1.0	
0.01116517175542456	0.0	
0.011091080017330404	0.0	
0.5589098876665676	1.0	
0.997652364205085	1.0	
0.9971271249882805	1.0	
0.011239570269825144	0.0	
0.998303072934492	1.0	
0.011347398576064293	0.0	
0.011204218383850634	0.0	
0.011147963899708999	0.0	
0.01930950644392538	0.0	
0.011277736006054317	0.0	
0.011091080017330404	0.0	
0.011226557249772492	0.0	
0.011172360063796087	0.0	
0.011340076749574452	0.0	
0.013783643676494473	1.0	
0.011312607361113012	0.0	
0.01118889519887219	0.0	
0.011086656191887888	0.0	
0.04601156649201657	0.0	
0.022206197632106503	0.0	
0.9981518385998469	1.0	
0.9917654413046226	0.0	
0.011180254174106239	0.0	
0.011770900959173202	0.0	
0.01610699771773008	0.0	
0.011201228164101075	0.0	
0.011151184755467794	0.0	
0.05708409796279431	0.0	
0.011311654241939204	0.0	
0.012212268129521676	0.0	
0.011217361414164233	0.0	
0.9979975631027901	0.0	
0.012731062044059013	0.0	
0.9984046315107264	0.0	
0.012165059266161234	0.0	
0.011695927587258114	0.0	
0.9990961037109095	1.0	
0.012781925124350862	0.0	
0.011091304834331355	0.0	
0.01773292010923169	0.0	
0.0122923743650244	0.0	
0.9977139111675672	1.0	
0.04289019826552425	1.0	
0.015359435849621909	0.0	
0.011110777529815326	0.0	
0.011082669989878606	0.0	
0.29027117179737477	0.0	
0.018694557786918684	0.0	
0.011091080017330404	0.0	
0.08505251960088052	0.0	
0.01114451490737881	0.0	
0.012069969570738524	0.0	
0.011375848223550079	0.0	
0.011153608715511259	0.0	
0.011143415049139188	0.0	
0.024088788921951723	0.0	
0.013503430398025137	0.0	
0.011272081430021941	0.0	
0.02105534968623567	1.0	
0.013293519270681424	0.0	
0.013783643676494473	0.0	
0.40770434177317144	1.0	
0.011981833292045684	0.0	
0.014691763302786336	0.0	
0.01968228808942388	1.0	
0.9737214614227607	1.0	
0.013745683835325428	0.0	
0.013247557852568701	0.0	
0.01356001011228199	0.0	
0.013224434791686921	0.0	
0.9974128850060197	1.0	
0.012447581966652597	0.0	
0.01245154888606445	0.0	
0.9989723465717494	0.0	
0.012668720425476473	0.0	
0.4837712398320221	1.0	
0.012430809827365129	0.0	
0.01308493294260208	0.0	
0.013642552641577545	0.0	
0.012696492936957982	0.0	
0.014110306148617838	0.0	
0.014028958503727153	0.0	
0.01550979143654721	0.0	
0.01244107388162398	0.0	
0.012456389635277147	0.0	
0.012523022158705046	0.0	
0.015336453638074884	0.0	
0.014048721998855448	0.0	
0.014462195346838633	0.0	
0.9972878400003402	1.0	
0.012599860081047746	0.0	
0.012503545340766552	0.0	
0.013592383605685652	1.0	
0.9989723465717494	1.0	
0.9968592779869092	1.0	
0.012452628904919197	0.0	
0.012598492778891407	0.0	
0.012628191061346734	0.0	
0.9991154236717189	1.0	
0.012467961128938108	0.0	
0.9977123828544844	1.0	
0.9980721767043327	0.0	
0.012718256416246835	0.0	
0.012464220073003518	0.0	
0.02032856212971992	0.0	
0.02957854822048976	0.0	
0.9974981905837108	0.0	
0.014434808007058613	0.0	
0.16284979884545248	1.0	
0.012511464388087534	0.0	
0.013389699642126992	0.0	
0.01679073936111495	0.0	
0.0187651571628339	0.0	
0.012668720425476473	0.0	
0.9986990550634287	1.0	
0.5513074555491821	1.0	
0.015530173860568918	1.0	
0.12544466811685617	0.0	
0.013573694680971636	0.0	
0.013971205196265317	0.0	
0.01281346382672351	0.0	
0.01257980490578789	0.0	
0.0477031166108273	1.0	
0.014023687454190885	0.0	
0.04935261424778376	0.0	
0.014434808007058613	0.0	
0.015502557457052195	0.0	
0.018119131600834056	0.0	
0.013456584010638603	0.0	
0.012452124075219416	0.0	
0.012572054874982065	0.0	
0.8089079808964669	1.0	
0.012476111026068859	0.0	
0.01256355993237543	0.0	
0.012509589546404097	0.0	
0.9982733126719792	1.0	
0.23369184630206288	0.0	
0.02411157453702327	1.0	
0.013632055295697883	0.0	
0.012600799781278036	0.0	
0.9982169868940868	1.0	
0.012523022158705046	0.0	
0.012517669450867758	0.0	
0.01279957717142036	0.0	
0.01285212370934988	0.0	
0.012897789065606062	0.0	
0.01249648552228785	0.0	
0.012664142875987728	0.0	
0.011601099378402896	0.0	
0.01254727737096349	0.0	
0.012008190104776875	0.0	
0.552755456413371	1.0	
0.012538302939982211	0.0	
0.011809390292328706	0.0	
0.9979759257624276	1.0	
0.9984626348643154	1.0	
0.011561396162394882	0.0	
0.011828104396756446	1.0	
0.014980048474756614	0.0	
0.012369020592313	0.0	
0.951894720198635	1.0	
0.01169913608520856	0.0	
0.01168852091990364	0.0	
0.3266584605907463	0.0	
0.011602833888257783	0.0	
0.01472292632870625	0.0	
0.3915710134629393	0.0	
0.014785953575142265	0.0	
0.014619426207479694	0.0	
0.3977266404346047	1.0	
0.9979806977254833	1.0	
0.02499981798836476	0.0	
0.012771542701065536	0.0	
0.011849132179886026	0.0	
0.011652102254685815	0.0	
0.014025911986699616	0.0	
0.012121466877039822	0.0	
0.013134581892021904	0.0	
0.011581270768239975	0.0	
0.015788929264504058	0.0	
0.01171503518880549	0.0	
0.2644216079094851	0.0	
0.22135256622762153	1.0	
0.020202163686299533	0.0	
0.01900494839573485	1.0	
0.011706914873490964	0.0	
0.011848330453292704	1.0	
0.016551835301351892	0.0	
0.011810500760931512	0.0	
0.011579466061069951	0.0	
0.012247600385272544	0.0	
0.011919506039956033	0.0	
0.012252277652196313	0.0	
0.018410470221265043	0.0	
0.011908262941092089	0.0	
0.011919506039956033	0.0	
0.011634490723075774	0.0	
0.011603020356124956	0.0	
0.011712161664644399	0.0	
0.9934982105392934	1.0	
0.011568273717770782	0.0	
0.012216104993373925	0.0	
0.011592423288728518	0.0	
0.9972454414870491	1.0	
0.9972235373930928	1.0	
0.04930710931102937	0.0	
0.027422822260198782	0.0	
0.011992860547991435	0.0	
0.9972235373930928	1.0	
0.038195416148969624	1.0	
0.01234671662600077	0.0	
0.018095343578418334	0.0	
0.9977080964814534	1.0	
0.013048959430429479	0.0	
0.011649690199055679	0.0	
0.011782033746858484	0.0	
0.9857219368494364	1.0	
0.011607554035599545	0.0	
0.9979198263209835	1.0	
0.8130932342349498	1.0	
0.17417824289972111	1.0	
0.011597862559594834	0.0	
0.01660383941285723	0.0	
0.011617424156338513	0.0	
0.01165133634886431	0.0	
0.9982320289788639	1.0	
0.12118501166983095	0.0	
0.012978241185141253	0.0	
0.9963443115973534	1.0	
0.016926206965298063	0.0	
0.013428215894480873	0.0	
0.9964092533174452	1.0	
0.01313967635400203	0.0	
0.013702120005576137	0.0	
0.997836941595098	1.0	
0.012972793618871808	0.0	
0.013166026433808532	0.0	
0.012970245220408034	0.0	
0.013702120005576137	0.0	
0.012962573771380305	0.0	
0.013025516690636054	0.0	
0.013286374229833328	0.0	
0.013129731471997344	0.0	
0.013268581737450822	0.0	
0.013078378686009574	0.0	
0.04925880017640491	0.0	
0.013166026433808532	0.0	
0.1038777125464594	0.0	
0.012971228109371834	0.0	
0.01305905751611398	0.0	
0.9981680560329099	1.0	
0.01825005847015041	1.0	
0.014515830396122772	1.0	
0.9948922547985258	1.0	
0.9964914010623541	1.0	
0.013559581833312837	0.0	
0.015560409274760642	0.0	
0.012970657174608519	0.0	
0.09073054549379228	1.0	
0.01515695092853569	0.0	
0.013025852195830518	0.0	
0.12056261278861242	0.0	
0.4046133135919067	0.0	
0.013702120005576137	0.0	
0.013184941276136824	0.0	
0.013164560481593191	0.0	
0.014019937778077349	0.0	
0.9966722544850113	1.0	
0.018298110158814194	0.0	
0.012985942056651054	0.0	
0.01303601691302106	0.0	
0.995318877231225	1.0	
0.01321378321057537	0.0	
0.013148572494390331	1.0	
0.01309951977435696	0.0	
0.0888183694439298	0.0	
0.01296012312529314	0.0	
0.34112639390323735	0.0	
0.014671303915851754	0.0	
0.013004093802140427	0.0	
0.014340895220319432	0.0	
0.012964503075690912	0.0	
0.9664302139063867	1.0	
0.013001220597999713	0.0	
0.012986895514616355	0.0	
0.41726802762147	0.0	
0.013612436356367521	0.0	
0.014607035926154324	0.0	
0.012974355804131994	0.0	
0.9984321819118326	1.0	
0.013009677473359009	1.0	
0.013290923290248455	0.0	
0.013023087041342146	0.0	
0.013190975273214826	0.0	
0.013309030012023894	0.0	
0.01296189368768698	0.0	
0.9798841557570735	1.0	
0.018105191373549955	0.0	
0.013447592962110021	0.0	
0.9968121419052324	1.0	
0.012963718788502615	0.0	
0.37859663257589454	1.0	
0.012968456611723588	0.0	
0.7818148824447201	1.0	
0.013501575447061657	0.0	
0.013294428488282384	0.0	
0.012991778234179392	0.0	
0.4780343283908526	0.0	
0.013438454200583384	0.0	
0.016272984426154036	1.0	
0.9968568281344389	1.0	
0.01070115262576857	0.0	
0.010444262104720606	1.0	
0.01472472799470545	1.0	
0.049665368488403486	1.0	
0.012671511901647482	0.0	
0.0103931824500816	0.0	
0.010438721861955822	0.0	
0.010663430076713627	0.0	
0.010429260567374601	0.0	
0.010687623666136375	0.0	
0.012437750925182423	0.0	
0.020291517372674345	0.0	
0.010474469486541224	0.0	
0.01039235726474477	0.0	
0.15599664613911698	1.0	
0.9960996030863696	1.0	
0.02285997464233587	0.0	
0.010402075915516694	0.0	
0.010410097939516525	0.0	
0.010445229774045581	0.0	
0.12409828697619889	1.0	
0.010403639730364983	0.0	
0.010535645088595691	0.0	
0.010510892493634875	0.0	
0.010514373127122322	0.0	
0.010821240171214405	0.0	
0.010396493668933183	0.0	
0.011302141380777252	1.0	
0.010845539234656927	0.0	
0.9968568281344389	1.0	
0.010436977609027438	0.0	
0.013378729073644088	0.0	
0.011777082934135341	0.0	
0.013279646738127161	0.0	
0.921644733829143	1.0	
0.010468438381553164	0.0	
0.02281875552564541	0.0	
0.010451468942139618	0.0	
0.013378729073644088	0.0	
0.01044881820688335	0.0	
0.010541182315394549	0.0	
0.013702204925889675	1.0	
0.01362069738802784	0.0	
0.010478998047651912	0.0	
0.9977404001553065	1.0	
0.04232577164055015	1.0	
0.9990027250292145	0.0	
0.012570024507333376	0.0	
0.015496447018402264	0.0	
0.8059310611329357	1.0	
0.010409671004951361	0.0	
0.01208492111901788	0.0	
0.4350699022358069	1.0	
0.9980957982695858	0.0	
0.010711559089960935	1.0	
0.011332589658285314	0.0	
0.010895845022566988	0.0	
0.010447982672420522	0.0	
0.9985714127222323	1.0	
0.03800142114629631	1.0	
0.915123825357979	1.0	
0.0144144322295253	0.0	
0.9985714127222323	1.0	
0.01040252754598454	0.0	
0.029095975217786077	0.0	
0.10044756653716425	0.0	
0.32965639279479036	1.0	
0.011547431947431743	0.0	
0.010398769622066067	0.0	
0.08637942581182982	0.0	
0.014083012110511469	0.0	
0.011418407018777693	0.0	
0.010863186530170278	0.0	
0.01039861383486579	0.0	
0.010392154578746345	0.0	
0.010615441976531305	0.0	
0.013160315711352807	0.0	
0.010757042158359369	0.0	
0.04431056776022249	0.0	
0.011434166698069546	0.0	
0.011592253512276328	0.0	
0.010733803327810156	0.0	
0.011488011343558379	0.0	
0.011095720372457882	0.0	
0.010800913465439887	0.0	
0.018062543580299167	1.0	
0.010824777529482814	0.0	
0.010774561919233865	0.0	
0.010734160052561618	0.0	
0.010820422212662235	1.0	
0.01208726182256992	0.0	
0.999028714142383	1.0	
0.010914337745009012	0.0	
0.010809329555099133	0.0	
0.011693089257849485	0.0	
0.011482261847994954	0.0	
0.9991738347439633	1.0	
0.011070639419505571	0.0	
0.17386124308445736	1.0	
0.010808272529577518	0.0	
0.9987136818289795	0.0	
0.04323120869391956	1.0	
0.013098935078139752	0.0	
0.9990484641012298	1.0	
0.014196156075886455	0.0	
0.010871540899884506	0.0	
0.023590269819343774	0.0	
0.01355316865921658	0.0	
0.010740227548593018	0.0	
0.41475722097793105	0.0	
0.010879158414228197	0.0	
0.021208916023798072	0.0	
0.010734224925541576	0.0	
0.010854604510849157	0.0	
0.01984643724860129	0.0	
0.9985010356418096	1.0	
0.012071230669555821	0.0	
0.010777788959419912	0.0	
0.010751884283847978	0.0	
0.011342096020008241	0.0	
0.026026975258275756	0.0	
0.011358024608545179	0.0	
0.010795741411776565	0.0	
0.01073880644265137	0.0	
0.010740227548593018	0.0	
0.07119309185030696	1.0	
0.010741232247538424	0.0	
0.010858179527268821	1.0	
0.0404408095426422	0.0	
0.02801753464035515	0.0	
0.011263213885063133	0.0	
0.011422018443809532	0.0	
0.011293487802420236	0.0	
0.01091613525991396	1.0	
0.9928797677484017	0.0	
0.9990036056205649	1.0	
0.5252881992136721	1.0	
0.011363273982462868	0.0	
0.07562409195228892	1.0	
0.9970392162586618	1.0	
0.9985010356418096	1.0	
0.010737096554420962	0.0	
0.13696852385314248	0.0	
0.010879158414228197	0.0	
0.011130625577906018	0.0	
0.010947098301288418	0.0	
0.9980499493274158	0.0	
0.01431734238181233	0.0	
0.010737881004776345	0.0	
0.9969521521029928	1.0	
0.012800632804967842	1.0	
0.014748269266153215	0.0	
0.010732861780009767	0.0	
0.011169196703322266	0.0	
0.011109718794560847	0.0	
0.01999050956134013	0.0	
0.011562795009040248	0.0	
0.018023481201519188	0.0	
0.011904459878381575	0.0	
0.012589813235291543	0.0	
0.46434958335617	1.0	
0.9787458741070331	1.0	
0.012778405627093235	0.0	
0.9457136005911103	1.0	
0.8707399863021341	0.0	
0.011535105205892886	0.0	
0.011542962961493234	0.0	
0.012272377801185022	0.0	
0.9956570523801833	1.0	
0.01154266280519175	0.0	
0.996924104942886	1.0	
0.19518250657212283	0.0	
0.0232313890554144	1.0	
0.01865961597952531	0.0	
0.01217684768537833	0.0	
0.012442101287941215	1.0	
0.6913027547000236	1.0	
0.012588430152345058	0.0	
0.019517872067658128	0.0	
0.012577150539157608	0.0	
0.011558171979558432	0.0	
0.04429014255306983	1.0	
0.011545027781364434	1.0	
0.9985208991742247	1.0	
0.01161266727756693	0.0	
0.020861675132922797	0.0	
0.9852312202268506	0.0	
0.9956743688917707	0.0	
0.012193430946690327	0.0	
0.01205512045272621	1.0	
0.01164299241229881	0.0	
0.01911097471028052	0.0	
0.01190166929009762	1.0	
0.015208549444595796	0.0	
0.012299573839773212	0.0	
0.011769930617643535	0.0	
0.01229576848426476	0.0	
0.9988231583681594	1.0	
0.011635604836273442	0.0	
0.011580817414855725	0.0	
0.01783414596667628	0.0	
0.015989434193032545	0.0	
0.012039044793541245	0.0	
0.011569553698927943	0.0	
0.011667151787073492	0.0	
0.9760624816930799	1.0	
0.07007405168148875	1.0	
0.012184601964304277	0.0	
0.9982133073941052	1.0	
0.01222759596374156	0.0	
0.990458964222644	1.0	
0.9978885767188198	1.0	
0.011533702179242381	0.0	
0.08189250558592222	1.0	
0.012105800815597244	0.0	
0.01287808488816637	0.0	
0.011845208844537708	0.0	
0.011641140691022631	0.0	
0.01154680640908421	0.0	
0.011608486362858533	0.0	
0.01414881111868817	0.0	
0.01286441624835793	0.0	
0.011882625208119914	0.0	
0.011628568625645121	0.0	
0.012054616832012708	0.0	
0.011539397535803672	0.0	
0.012164672904803353	0.0	
0.01188388343868999	0.0	
0.011675657786192742	0.0	
0.011948100967912186	0.0	
0.023860541666555827	0.0	
0.5652761112057956	0.0	
0.011810898536518448	0.0	
0.04429014255306983	0.0	
0.9988682566317689	1.0	
0.9981039092087679	1.0	
0.015059306878130762	0.0	
0.01744687064469005	0.0	
0.010835245916115973	1.0	
0.012230276881617267	0.0	
0.03969443712870868	0.0	
0.011016854152350423	0.0	
0.010555714841118781	0.0	
0.011600101482455652	0.0	
0.9976431051876826	1.0	
0.011796373611755262	0.0	
0.06244163363788153	1.0	
0.017163680991731718	1.0	
0.012388649810216297	0.0	
0.011678567044684191	1.0	
0.010599727891998888	0.0	
0.010985422067164541	0.0	
0.013116530351417577	0.0	
0.010704148093016619	0.0	
0.010881005351331014	0.0	
0.011920980237768438	0.0	
0.01098562026328962	0.0	
0.01065090081112723	0.0	
0.01060359597832208	0.0	
0.9952763672424194	0.0	
0.9988945607017683	1.0	
0.010595465417029324	0.0	
0.010741518279483067	0.0	
0.012041281991471524	0.0	
0.010881005351331014	0.0	
0.01918678062562754	0.0	
0.010554069271892041	0.0	
0.08430717558666383	0.0	
0.998836964940148	1.0	
0.010738570267207048	0.0	
0.010582328007968971	0.0	
0.13992596455627296	0.0	
0.010706521946673767	0.0	
0.013876321195507016	0.0	
0.7492425447060936	1.0	
0.033287395289781536	0.0	
0.017163680991731718	0.0	
0.013549159284072557	1.0	
0.012041281991471524	0.0	
0.9992097916301139	1.0	
0.1627257985318049	0.0	
0.010861217506998632	0.0	
0.012418090881198466	0.0	
0.01940768055453304	0.0	
0.010557944888099097	0.0	
0.014666429192686958	1.0	
0.011108727906714503	0.0	
0.010583912788804146	0.0	
0.012062313809792944	0.0	
0.01576505579467793	0.0	
0.011729956601431798	0.0	
0.010674508304535608	0.0	
0.020385310012143647	0.0	
0.01199990803178091	0.0	
0.023665322333644816	0.0	
0.010712905604977072	0.0	
0.9934117732154584	1.0	
0.016085963317538917	0.0	
0.01343483980660788	0.0	
0.011836687782484924	0.0	
0.015540612285270792	1.0	
0.01343483980660788	0.0	
0.010667149595701463	0.0	
0.010909507391217616	0.0	
0.011501259069279944	0.0	
0.8883627654292273	0.0	
0.01139948544812417	0.0	
0.01090601106054374	0.0	
0.011367499206473557	0.0	
0.010572049490876586	0.0	
0.01074783761492771	0.0	
0.12214315223756608	0.0	
0.011796373611755262	0.0	
0.9984455474454771	1.0	
0.9982981943648112	1.0	
0.9966885596981054	1.0	
~~~~~~~~~~~~~~~~~~~~~~~~~~~~~~~~~~~~~~~~~~~~
Accuracy=0.861875
TP=257
FP=55
FN=166
TN=1122
