#####PARAMETERS#####
dropOut_alpha=NaN
preTrain_learningRate=0.1
dropOut_beta=NaN
epoch=1000
fineTune_learningRate=1.5
CD_k=1
classifier=logisticRegression
label_number=1
dropOut_standard=0.6
hidden_layers=20,12
preTrain_randomSeed=32553532
mode=CV_20



CV_20 RESULT
1615 instances
left 1 columns are outputs
right 1 columns are original lables
~~~~~~~~~~~~~~~~~~~~~~~~~~~~~~~~~~~~~~~~~~~~
0.025570257368998487	0.0	
0.02405455934340663	0.0	
0.034261815253384335	0.0	
0.02362735925541468	0.0	
0.2865927077667671	0.0	
0.02400311224846158	0.0	
0.9845061299981412	1.0	
0.026411125689956638	0.0	
0.15954765028622916	0.0	
0.2793112523618076	0.0	
0.9866581787855878	1.0	
0.023843609758480717	0.0	
0.05766060557749217	0.0	
0.025684719131361416	0.0	
0.027587381879398888	0.0	
0.025540632197835936	0.0	
0.9778964033547554	1.0	
0.023577080398571867	0.0	
0.035102528085753044	0.0	
0.02355594661729025	0.0	
0.025373153158193922	0.0	
0.024174248538645592	0.0	
0.029852397649860654	0.0	
0.02935996167751595	0.0	
0.8604879518154216	1.0	
0.0246021227000823	0.0	
0.055607302677754676	0.0	
0.026575001388645037	0.0	
0.271984707524863	1.0	
0.023572886602725246	0.0	
0.02703164001467527	0.0	
0.9830825908569236	1.0	
0.02375364050606559	0.0	
0.1876802028464723	0.0	
0.023778012526185485	0.0	
0.04047847296843073	0.0	
0.023581367885037324	0.0	
0.8945157489327771	1.0	
0.9845061299981412	1.0	
0.023563940585533	0.0	
0.023597384136777366	0.0	
0.05539520976533689	0.0	
0.023568080620719124	0.0	
0.024519307171523407	0.0	
0.024114311019074873	0.0	
0.12970603076346768	0.0	
0.045141901201068445	1.0	
0.09796884781394384	0.0	
0.02395309616952218	0.0	
0.9043781883884092	1.0	
0.03157182935841452	0.0	
0.023554793159453642	0.0	
0.9919801842184033	1.0	
0.023797372645833516	0.0	
0.6778703169393506	1.0	
0.4104521797767408	1.0	
0.9722811494916321	1.0	
0.024174295265603888	0.0	
0.06277137203693141	1.0	
0.11168366638253768	0.0	
0.06634336095507791	0.0	
0.03089991522906736	0.0	
0.024573496499059728	0.0	
0.9623904738226358	1.0	
0.027415534797695217	0.0	
0.9782926658580139	1.0	
0.7044249435433835	0.0	
0.8945157489327771	1.0	
0.6843545468633773	1.0	
0.02737743904864464	0.0	
0.02390305249987111	0.0	
0.9827769527731705	1.0	
0.024133201529294386	0.0	
0.02421547341344666	0.0	
0.06241427606981268	1.0	
0.5151321579702424	1.0	
0.023631962193774128	0.0	
0.06057231499621735	0.0	
0.02437891683231145	0.0	
0.9622871181585556	1.0	
0.9716913282701601	1.0	
0.9671438787611244	0.0	
0.02429651890382497	0.0	
0.027605329385888114	0.0	
0.9792772196580063	1.0	
0.0667864952376298	0.0	
0.023303544531512597	0.0	
0.9897321507410624	1.0	
0.9111191556723501	1.0	
0.023280940946387222	0.0	
0.02498728671580164	0.0	
0.023551498452485543	0.0	
0.024978468718339468	0.0	
0.9472617949183996	1.0	
0.18691196138283117	1.0	
0.02595737074184866	1.0	
0.9870912285571946	1.0	
0.06684424205188917	0.0	
0.023284255434036394	0.0	
0.028506311322414702	0.0	
0.026808579483001364	0.0	
0.9656448390236729	1.0	
0.028506311322414702	0.0	
0.023332932266031132	0.0	
0.025067374940755574	0.0	
0.02505160744188946	0.0	
0.026032566497219817	0.0	
0.023740084416133237	0.0	
0.04365807912692733	0.0	
0.9503112637484804	1.0	
0.030801779583388245	0.0	
0.023684721740309028	0.0	
0.07436447026546049	1.0	
0.023344440024182483	0.0	
0.9774420273521308	1.0	
0.9511167488564692	0.0	
0.023271962144446053	0.0	
0.420347212347714	1.0	
0.023495764380249966	0.0	
0.023888427162840373	0.0	
0.02527070321594689	0.0	
0.02325818591910256	0.0	
0.024881977440152154	0.0	
0.027954224287744887	0.0	
0.9546813613230969	1.0	
0.024177517939611644	0.0	
0.023418276127363725	0.0	
0.028429028045763888	0.0	
0.6924673366696021	1.0	
0.02359263964658381	0.0	
0.9611842934516831	0.0	
0.0233427876255523	0.0	
0.9792772196580063	1.0	
0.02326498700326658	0.0	
0.02341557113301204	0.0	
0.9874333293995207	1.0	
0.03962159259681213	1.0	
0.023656460263355696	0.0	
0.9911280759740813	1.0	
0.9620252730174199	1.0	
0.07048983042798132	1.0	
0.5484035869420366	0.0	
0.03971875630801158	1.0	
0.9571262173366374	0.0	
0.025818542108594765	0.0	
0.0360103088636789	0.0	
0.028638619729792262	0.0	
0.026830188865763847	0.0	
0.025818542108594765	0.0	
0.9822528529335428	1.0	
0.9809962527078969	1.0	
0.03943134629107399	0.0	
0.02517286957354304	0.0	
0.03292752625057584	0.0	
0.028442409456929593	1.0	
0.025094914763378006	0.0	
0.02436632357202566	0.0	
0.023274376432143362	0.0	
0.9933436589595593	1.0	
0.023532769305715916	0.0	
0.025607382230217447	0.0	
0.02735525419506185	0.0	
0.025453751493541586	0.0	
0.03358410017532053	0.0	
0.02558858739968151	0.0	
0.9876700726348882	0.0	
0.03193424232018161	0.0	
0.025893351454209585	0.0	
0.1639807917052293	1.0	
0.03391132059775402	0.0	
0.026152983501861706	0.0	
0.9329276517712687	1.0	
0.03395918249148764	0.0	
0.026484274262404895	0.0	
0.03433307515164359	0.0	
0.025784485152845826	0.0	
0.026741605277528047	0.0	
0.026034633585784003	0.0	
0.025463124464143016	0.0	
0.8543162651434567	1.0	
0.04556474486816702	0.0	
0.03088162752802819	0.0	
0.025444595893204424	0.0	
0.02686720761016168	0.0	
0.025414762766001815	0.0	
0.02927502404884914	1.0	
0.9751134092979862	1.0	
0.025471508870917557	0.0	
0.07233139731590615	1.0	
0.026391974574442367	0.0	
0.02918631067327184	0.0	
0.9638391932203197	1.0	
0.025410376072856716	0.0	
0.3988187458395658	1.0	
0.029570483705480537	0.0	
0.0340687095455394	0.0	
0.989427788709653	1.0	
0.03313351766193278	0.0	
0.12897351382688296	0.0	
0.025884273495380326	0.0	
0.0271101694033345	0.0	
0.030655888692562715	0.0	
0.03590342371350904	0.0	
0.07452721705492675	1.0	
0.025891293075348456	0.0	
0.02943719166415288	0.0	
0.025784485152845826	0.0	
0.9433101890234175	0.0	
0.4045652727053883	0.0	
0.043264587002701346	1.0	
0.9802290157008869	1.0	
0.025410099020307463	0.0	
0.9751134092979862	1.0	
0.02726769449835395	0.0	
0.9676952983545591	1.0	
0.02799027368765522	1.0	
0.025451458800855975	0.0	
0.025483189461657833	0.0	
0.030097265635769675	0.0	
0.0463566215412859	0.0	
0.02778764891078882	0.0	
0.025410570957462967	0.0	
0.025719857314251537	0.0	
0.9631491720174487	0.0	
0.08609232579802528	0.0	
0.9751695894928933	0.0	
0.025760924977725336	0.0	
0.027807765163860153	0.0	
0.025632365008742598	0.0	
0.9688675991902732	1.0	
0.032763194290500036	0.0	
0.9808939371062628	1.0	
0.02991898676046394	0.0	
0.025418342651399643	0.0	
0.9877635789260933	1.0	
0.02541123475175257	0.0	
0.9830483642660884	0.0	
0.025960558113795648	0.0	
0.9747802079487111	1.0	
0.02541290179729234	0.0	
0.02169690089480773	0.0	
0.02169534096880075	0.0	
0.021732555226437678	1.0	
0.02238064764946471	0.0	
0.9912831088961126	1.0	
0.021704609118543355	0.0	
0.03035784336060853	1.0	
0.07519011261075963	0.0	
0.021985948152818246	0.0	
0.0235403901636487	0.0	
0.021782705273254294	0.0	
0.060408587076979235	0.0	
0.02381064534452365	0.0	
0.07469448081360448	1.0	
0.021850611737043533	0.0	
0.021715016536668897	0.0	
0.9842799993186333	1.0	
0.024633141949758457	0.0	
0.021730420780992802	0.0	
0.9652330598563348	1.0	
0.05032167259138446	0.0	
0.026538911011265195	1.0	
0.027981383599050422	0.0	
0.03214877289700658	1.0	
0.021727660756296143	0.0	
0.9650444334705816	1.0	
0.02346991722118756	1.0	
0.07665310768715584	0.0	
0.022880091334271813	0.0	
0.021971665054576737	0.0	
0.021932066575765807	0.0	
0.03414497065082514	0.0	
0.023362845937458368	0.0	
0.03812341835971694	0.0	
0.9892272142269243	1.0	
0.024402685402563688	0.0	
0.022040899520972095	0.0	
0.12384010057605198	0.0	
0.02245253517326678	0.0	
0.6164133567669114	0.0	
0.03836871813804075	1.0	
0.9583462256104915	1.0	
0.17596258988377758	1.0	
0.9246451128777269	1.0	
0.7279316855476743	1.0	
0.02233477233070351	0.0	
0.021707730025475658	0.0	
0.021831380435836267	1.0	
0.02195143093727527	0.0	
0.0228853864317697	0.0	
0.04193586134471401	0.0	
0.02618871616627957	1.0	
0.9619802620863008	1.0	
0.02236702829561239	0.0	
0.9730780270493994	1.0	
0.07780054179952609	1.0	
0.3269377707182301	1.0	
0.9827078836935398	1.0	
0.023554458481051074	0.0	
0.9287304274838539	1.0	
0.0224102519850126	0.0	
0.023073117387515298	0.0	
0.03890619441055206	0.0	
0.021771519543830185	0.0	
0.7458524277882452	0.0	
0.021833057059665224	0.0	
0.9616999093933178	1.0	
0.023698249546529934	0.0	
0.021791971083245768	0.0	
0.021697311919752257	0.0	
0.8310136254492585	1.0	
0.02448807365559661	0.0	
0.9438301461952626	1.0	
0.2254115439671282	0.0	
0.021819507771773952	0.0	
0.9696478059151279	1.0	
0.023258970108033787	0.0	
0.02196528655973855	0.0	
0.03471311061211389	0.0	
0.02793739888355602	0.0	
0.027608391205940344	0.0	
0.02445890875175007	0.0	
0.04397936006016685	0.0	
0.024625790148966445	0.0	
0.024511844399035795	0.0	
0.038504200568317305	0.0	
0.02710378910633557	1.0	
0.9946672939068328	1.0	
0.024793730603900794	0.0	
0.024790899568116465	0.0	
0.024712055146349284	0.0	
0.02441742459416937	0.0	
0.024400368168142828	0.0	
0.02637999872028262	0.0	
0.024400368168142828	0.0	
0.06187477447883918	0.0	
0.9937582003076292	0.0	
0.02647310236880431	0.0	
0.028932241615502678	0.0	
0.027964587874502782	1.0	
0.025991395117335385	0.0	
0.02442932498261195	1.0	
0.024848868125541965	0.0	
0.024643209530532978	0.0	
0.024430863876360877	0.0	
0.6630851036465348	1.0	
0.025077181971669558	0.0	
0.024497348214786982	0.0	
0.03518635900465946	0.0	
0.024404582668266943	0.0	
0.02537298929325342	0.0	
0.02442727823357334	0.0	
0.13789143437060322	0.0	
0.9655088009119219	1.0	
0.024724485312926852	0.0	
0.025260765047165092	0.0	
0.9869583050308252	1.0	
0.0244214590459673	0.0	
0.16826341096632913	0.0	
0.025279006894436525	0.0	
0.024610426981078286	0.0	
0.024899453068695822	0.0	
0.02471333596292051	0.0	
0.027576006088082278	0.0	
0.024399961096610284	0.0	
0.024681285012000023	0.0	
0.9928317006907149	1.0	
0.02453757390819254	0.0	
0.027238038016464475	1.0	
0.936432001254353	1.0	
0.28962388796889726	1.0	
0.9763784614583189	0.0	
0.025340449107508795	0.0	
0.024831747278698618	0.0	
0.024638622206904565	0.0	
0.02556606401107789	0.0	
0.024399701455827986	0.0	
0.03438024111571748	0.0	
0.029003106578551725	0.0	
0.9783538049775073	1.0	
0.03312729038303521	0.0	
0.024562939742764932	1.0	
0.03095281494266483	0.0	
0.06187477447883918	0.0	
0.9937519892363312	1.0	
0.02606206863846511	0.0	
0.03464323910694892	1.0	
0.07030903692842032	1.0	
0.08374087559937653	1.0	
0.028142976901970106	0.0	
0.5261092472970277	1.0	
0.979560465327832	1.0	
0.04126984964295034	0.0	
0.024400534102431027	0.0	
0.02447496916378908	0.0	
0.025388604945074614	0.0	
0.20997963093969071	0.0	
0.9535854684676309	1.0	
0.02637999872028262	0.0	
0.02440971607803636	0.0	
0.022528152768443173	0.0	
0.0224287377061111	0.0	
0.02276617517358893	0.0	
0.022935766610798748	0.0	
0.9767486542435284	1.0	
0.02574334947883415	0.0	
0.9414578125188212	1.0	
0.024964363221744012	0.0	
0.10983942601023898	0.0	
0.03411601472581155	0.0	
0.02271116291674249	0.0	
0.023903194642443937	0.0	
0.06716989906643614	0.0	
0.02503602567900444	0.0	
0.04201008058073164	1.0	
0.023345454750439476	0.0	
0.9822782278737	0.0	
0.7780902752972964	1.0	
0.027402699425623043	0.0	
0.1500270170318842	1.0	
0.026415023923219857	0.0	
0.022630065681558773	0.0	
0.05775954172165782	1.0	
0.9903148032624722	1.0	
0.05030527540500531	0.0	
0.02306323812120546	0.0	
0.5014702517271573	0.0	
0.02294654176290306	0.0	
0.9600347944582827	1.0	
0.884898414296366	1.0	
0.03400703591868485	1.0	
0.8148672946368021	0.0	
0.07786384153638283	0.0	
0.02309988201905074	0.0	
0.02394773157480215	0.0	
0.022398151648537673	0.0	
0.0224226505826817	0.0	
0.9862691453550645	0.0	
0.026728992612545903	0.0	
0.30458826303583925	1.0	
0.9900431932498339	0.0	
0.9617009242255937	1.0	
0.9864554766920522	1.0	
0.02548685810736299	0.0	
0.022518723992733556	0.0	
0.02395764632023607	0.0	
0.2580823118401914	0.0	
0.038894968202081805	0.0	
0.9915938262857237	1.0	
0.9506284283877038	1.0	
0.9445676253053306	1.0	
0.026506629396221823	0.0	
0.03272013334046414	0.0	
0.023345454750439476	0.0	
0.7831798380607001	0.0	
0.9722840369670974	1.0	
0.6301337352452765	0.0	
0.03922871306110524	0.0	
0.03592423732493485	0.0	
0.022839850741361606	0.0	
0.02721061124039025	0.0	
0.04196672789304573	0.0	
0.15457337856063844	0.0	
0.02267327828378243	0.0	
0.031383592338559786	1.0	
0.8605856779524084	0.0	
0.1097396816305912	1.0	
0.029798487321257026	0.0	
0.02255778376700463	0.0	
0.02257025413735394	0.0	
0.9651057593802173	1.0	
0.023922095106990064	0.0	
0.06993980237448877	0.0	
0.9817463838615825	0.0	
0.03162416087377507	0.0	
0.9740392694541501	0.0	
0.4410999811259569	1.0	
0.9648009043896739	1.0	
0.024617724901457392	0.0	
0.023721478434035506	0.0	
0.025303287009180362	0.0	
0.026213944652873564	0.0	
0.025915312926736298	0.0	
0.028100613643785893	0.0	
0.025234360448335356	0.0	
0.02617217374670662	0.0	
0.7495494418493726	0.0	
0.02552524860048232	0.0	
0.029365521945156948	1.0	
0.985148274489954	0.0	
0.025287633487172827	0.0	
0.025317729556192776	0.0	
0.02575545369024799	0.0	
0.038068957263082674	0.0	
0.1973996691125973	0.0	
0.025369504806359917	0.0	
0.02565230241449299	0.0	
0.02687524773051032	0.0	
0.046246278982109555	0.0	
0.02685683478113326	0.0	
0.02727266386754066	1.0	
0.02573392881149256	0.0	
0.026376455787342448	0.0	
0.029894849088862783	0.0	
0.9867421495318901	1.0	
0.05068267840607375	0.0	
0.9707907000068917	1.0	
0.031531550816601805	1.0	
0.030370670579830897	1.0	
0.03934475847207792	0.0	
0.02854759179726558	0.0	
0.06955115699944187	1.0	
0.025234360448335356	0.0	
0.044678391420913594	1.0	
0.028104203265660696	0.0	
0.026892663256887977	0.0	
0.031877535414226575	0.0	
0.026787898321501386	0.0	
0.9815800579888908	1.0	
0.030450084758220655	1.0	
0.20060230335587415	0.0	
0.9576116163227514	1.0	
0.025900962413163486	0.0	
0.02707733244955031	0.0	
0.030044772605397438	0.0	
0.02588998054973419	0.0	
0.9859785739945311	1.0	
0.028149083008120374	0.0	
0.025867893447021444	0.0	
0.026586568436116658	0.0	
0.31822708538367006	0.0	
0.02533937076361944	0.0	
0.02581167585420395	0.0	
0.9667517080918957	1.0	
0.9851449202842146	1.0	
0.985148274489954	1.0	
0.6408926609213849	1.0	
0.02915172486992315	0.0	
0.06955115699944187	0.0	
0.8664461899688152	1.0	
0.02598365749348929	0.0	
0.026348238345289002	0.0	
0.025858107011841096	0.0	
0.0338872404910116	0.0	
0.025555601156882157	0.0	
0.7430204119186631	1.0	
0.9845672059325883	1.0	
0.025406783046371142	0.0	
0.6561861889622019	1.0	
0.025363043965112096	0.0	
0.025557184964180146	0.0	
0.07183243753539592	1.0	
0.04579869006618916	1.0	
0.0456047270591993	0.0	
0.9737534171030536	1.0	
0.9541599999968672	1.0	
0.030436601861037662	0.0	
0.9551138619797991	0.0	
0.038068957263082674	0.0	
0.025928694695665656	0.0	
0.9802622910607098	1.0	
0.024695599424138178	0.0	
0.02449842346381962	0.0	
0.5837170280310721	0.0	
0.024652495766553224	0.0	
0.024741015325341655	0.0	
0.9656607929705044	1.0	
0.03775667806184176	0.0	
0.968064212725967	1.0	
0.1148491655113836	0.0	
0.024542018328566048	0.0	
0.02540848153357169	0.0	
0.9492700946682379	1.0	
0.024581171251904208	0.0	
0.4277708307221856	0.0	
0.9707795579252296	1.0	
0.02459638945705094	0.0	
0.9926140925383035	1.0	
0.9780292147476941	0.0	
0.025896517592995116	0.0	
0.025959454378999925	0.0	
0.024852712539897973	0.0	
0.024503485079307684	0.0	
0.033182297274554406	0.0	
0.026775547661167638	0.0	
0.02471076718449086	0.0	
0.08260189416219299	0.0	
0.026893697133646748	0.0	
0.024801060799046516	0.0	
0.024831092160135973	0.0	
0.3303750908124799	1.0	
0.9871559093506493	1.0	
0.02491212208860125	0.0	
0.025334582518842956	0.0	
0.5178055087061116	0.0	
0.04672470553345755	1.0	
0.031003248191790213	1.0	
0.9463926677365933	1.0	
0.039147467893479365	1.0	
0.9752147634461595	1.0	
0.8248598773730537	1.0	
0.026802372227558952	0.0	
0.9852263780991882	1.0	
0.02491426980255166	0.0	
0.05116538407320615	0.0	
0.024693167645024418	0.0	
0.8070510270284224	1.0	
0.244115564261649	1.0	
0.02734583995402168	0.0	
0.026894946456125845	0.0	
0.029301760188898077	0.0	
0.9508300758810654	1.0	
0.18750326482940236	0.0	
0.030166789299079313	0.0	
0.05145033125202786	0.0	
0.7869643937077825	1.0	
0.024664366757344364	1.0	
0.024485954813119017	0.0	
0.07816155762986836	1.0	
0.5339997551062313	1.0	
0.026893697133646748	0.0	
0.024639139452089658	0.0	
0.02731842398962746	0.0	
0.02449935394035968	0.0	
0.032004080941891735	0.0	
0.02457803677566772	0.0	
0.03137597955318967	0.0	
0.026636132637984023	0.0	
0.02896945387557689	0.0	
0.025039662187447315	0.0	
0.024522531917747694	0.0	
0.8275027446576196	1.0	
0.02572091134873133	0.0	
0.9679592553422945	1.0	
0.029202125278184294	0.0	
0.025062094804253622	0.0	
0.024550364477702667	0.0	
0.02479942370566655	0.0	
0.025895360731814705	0.0	
0.02493420049161518	0.0	
0.02759390099764592	0.0	
0.24877499360526745	1.0	
0.025395394710632027	1.0	
0.023570670232660487	0.0	
0.9736421329132016	0.0	
0.023572722800990535	0.0	
0.9597217948435944	1.0	
0.9541644955973326	0.0	
0.023664455027582822	0.0	
0.023664172442133022	0.0	
0.02460690245989304	0.0	
0.027065178903021653	0.0	
0.02358552746423518	0.0	
0.02445339891682268	0.0	
0.023622268159761102	0.0	
0.023829241721264077	0.0	
0.023937051054533	0.0	
0.03149268035128914	0.0	
0.9940879947523016	1.0	
0.03576967806792957	0.0	
0.02644728523222288	0.0	
0.9811481674179942	0.0	
0.20822064238840401	0.0	
0.9660627290387936	0.0	
0.9917390228983192	1.0	
0.03780936472626862	0.0	
0.9681360156256144	0.0	
0.31154475854106506	0.0	
0.9908524218147218	1.0	
0.34537583103219843	1.0	
0.030493539494878607	0.0	
0.06708524008369654	0.0	
0.023824962371933604	0.0	
0.975169283500921	1.0	
0.024655076949903567	0.0	
0.9813464675486362	1.0	
0.023609895590863187	0.0	
0.9429254050313446	1.0	
0.9813464675486362	1.0	
0.9577240032150978	1.0	
0.06391705154614068	1.0	
0.02372406548677209	1.0	
0.07587612669680914	1.0	
0.971008802540142	1.0	
0.025140796595337	0.0	
0.04694022113446127	0.0	
0.023851816471618836	0.0	
0.024146537016898725	0.0	
0.7500477089504533	1.0	
0.02545957322215179	1.0	
0.9890986254952537	1.0	
0.4955217901226969	1.0	
0.023800940237529513	0.0	
0.1334718821432056	1.0	
0.023622572941092174	0.0	
0.023924595920322395	0.0	
0.025140796595337	0.0	
0.0352476094716945	0.0	
0.02389979305116358	0.0	
0.023570870804249137	0.0	
0.024318135867483583	0.0	
0.025018014983960172	0.0	
0.02365206762345315	1.0	
0.0236026350266669	0.0	
0.9822962073434177	0.0	
0.6837219018722178	0.0	
0.9693298621056209	1.0	
0.05755654740838722	0.0	
0.024552234175656676	0.0	
0.684225732107667	1.0	
0.02363008053850307	0.0	
0.023691621814872447	0.0	
0.6621430709523302	0.0	
0.9784628915219409	1.0	
0.975169283500921	1.0	
0.026071382073109505	0.0	
0.9232120306332794	0.0	
0.02359928754441359	0.0	
0.026943828957810122	0.0	
0.025265572252676952	0.0	
0.027255005350014676	0.0	
0.32523367074702325	1.0	
0.023581213872795825	0.0	
0.08809188051014429	0.0	
0.025257469331791804	0.0	
0.023568366046947387	0.0	
0.8290943889667185	0.0	
0.023535303786464342	0.0	
0.02412115476672934	0.0	
0.093601594228454	0.0	
0.02423492502350685	0.0	
0.02481578859249342	0.0	
0.02368351035418903	0.0	
0.20047072758892637	0.0	
0.2992343890659829	0.0	
0.9775790886529017	1.0	
0.9846042301583243	1.0	
0.10094576489568394	0.0	
0.03957558009994204	0.0	
0.7818225653549586	1.0	
0.16589775386179867	0.0	
0.030861380367002547	0.0	
0.02478240650091055	0.0	
0.9625028279979406	1.0	
0.03100224165431578	1.0	
0.03349388623889583	0.0	
0.023581213872795825	0.0	
0.04474016270005489	1.0	
0.07300817490229364	0.0	
0.9661028741002246	1.0	
0.023691830132945617	0.0	
0.027941990462617427	0.0	
0.9482088056022412	1.0	
0.024163591878750668	0.0	
0.023860754277188832	0.0	
0.023554558237041924	0.0	
0.023669837546396896	0.0	
0.023545459367492493	0.0	
0.04509890843473441	0.0	
0.864038245337794	0.0	
0.024288263574147588	0.0	
0.4888019591469031	1.0	
0.02450995417003018	0.0	
0.02505041359620241	0.0	
0.061760549265725447	0.0	
0.9817343948151398	1.0	
0.03079460711343275	0.0	
0.023683011500729587	0.0	
0.028731079403581276	0.0	
0.024268137859299682	0.0	
0.02357135348290404	0.0	
0.027450860777029205	0.0	
0.023534850790301216	0.0	
0.023541481101927643	0.0	
0.023569242972231817	0.0	
0.02718858716356714	0.0	
0.023552624688895716	0.0	
0.0259779130955251	1.0	
0.02581925632573704	0.0	
0.03619615381463366	0.0	
0.02370843659870867	0.0	
0.024308128731646304	0.0	
0.22980412200736558	1.0	
0.045836213266318336	0.0	
0.02476936785771737	0.0	
0.02359067369255649	0.0	
0.0258081574833977	0.0	
0.023726281170022404	1.0	
0.02519850530336698	0.0	
0.028562982930599033	0.0	
0.023632039713374815	0.0	
0.08635717996830902	0.0	
0.024037651254907717	0.0	
0.9891736792877697	1.0	
0.024373976497826886	0.0	
0.024627698754834428	0.0	
0.02375986000829033	1.0	
0.02957556902648845	0.0	
0.023576579699258814	0.0	
0.024257691313335692	0.0	
0.9801275817474837	1.0	
0.030135185288237432	0.0	
0.9857078292270058	1.0	
0.022365808685654867	0.0	
0.022201203762822856	0.0	
0.022635329343304804	1.0	
0.023624898034926792	0.0	
0.02351708380877014	0.0	
0.022276071359307908	0.0	
0.41343694747738735	1.0	
0.022956915736690998	0.0	
0.9767962717763181	1.0	
0.025548709523007706	0.0	
0.9031739167290002	1.0	
0.022183310140295027	0.0	
0.9866055731779414	0.0	
0.02392099713129268	0.0	
0.02216140940153088	0.0	
0.6654626124885133	0.0	
0.9909984688680806	1.0	
0.8903712897728999	1.0	
0.9848767651275099	1.0	
0.02240903220529277	0.0	
0.023631107991188602	0.0	
0.06349249989615259	0.0	
0.9508114338747519	1.0	
0.02983368590919628	1.0	
0.023031611423252565	0.0	
0.02261781957375546	0.0	
0.02364714759239995	0.0	
0.022978735193451144	0.0	
0.022747293338756174	0.0	
0.022530238508190796	0.0	
0.04731600509638057	0.0	
0.045497023298124856	0.0	
0.026305556704565736	0.0	
0.022165390929781325	0.0	
0.9645167467318109	1.0	
0.022166812041809602	0.0	
0.27067236166593717	1.0	
0.022356385371574843	0.0	
0.972795360119566	1.0	
0.024733597961785887	0.0	
0.02257175326921032	0.0	
0.02565491988240157	1.0	
0.023197213583675148	0.0	
0.025461521418397776	1.0	
0.023262106426878957	0.0	
0.024708802502515156	0.0	
0.04294541660960637	0.0	
0.022165390929781325	0.0	
0.9778452378249017	1.0	
0.31086783477944674	0.0	
0.4498599485586054	0.0	
0.26337438756800335	1.0	
0.022756365966427487	0.0	
0.022219975069464246	0.0	
0.0226673291831455	0.0	
0.12459300112882227	0.0	
0.9815061001647842	1.0	
0.022662752160770423	0.0	
0.022209547333464023	1.0	
0.02356165794747024	0.0	
0.029952449284981142	1.0	
0.9887021092504974	1.0	
0.022160165862681307	0.0	
0.0524044141050672	0.0	
0.022223287798171305	0.0	
0.026559290736998965	0.0	
0.024275931668734138	0.0	
0.02315407098605731	0.0	
0.9140858017654901	0.0	
0.07141717357737142	0.0	
0.9731615290945772	1.0	
0.022402253769191135	0.0	
0.027071505170809536	0.0	
0.025376413718247247	0.0	
0.8250366926331923	1.0	
0.022213829218924005	0.0	
0.9813053508545436	1.0	
0.44110468108727907	1.0	
0.028282911955828664	0.0	
0.02355266401180726	0.0	
0.9870990370921475	0.0	
0.02519018404157136	0.0	
0.401485316756286	1.0	
0.023654990754868405	0.0	
0.029495212127628033	0.0	
0.02669443123659154	0.0	
0.024204973982326686	0.0	
0.023654308386523125	1.0	
0.02366504492110872	0.0	
0.023635535805324757	0.0	
0.3550616159962562	1.0	
0.9901651179109419	1.0	
0.9836116129742777	1.0	
0.02352710083922638	0.0	
0.9687781178584738	1.0	
0.023693553461058565	0.0	
0.023682323991619614	0.0	
0.02353342691867533	0.0	
0.024975876003204094	0.0	
0.023528510194969664	0.0	
0.023635535805324757	0.0	
0.023715320823002248	0.0	
0.023538031547087605	0.0	
0.03924932677780853	0.0	
0.1652930705909437	1.0	
0.02533028114677548	0.0	
0.024060058432494456	0.0	
0.023577735362331573	0.0	
0.27781500627052397	0.0	
0.0373473036337169	0.0	
0.9605022186233768	1.0	
0.8893960779428025	0.0	
0.023541752066240738	0.0	
0.02358511643555775	0.0	
0.0913699037237388	0.0	
0.024226839304092404	0.0	
0.02353884676478913	0.0	
0.026218168702866498	0.0	
0.023815580980785397	0.0	
0.0265951399080434	0.0	
0.023534647674627044	0.0	
0.9567853547158102	0.0	
0.024592333110231752	0.0	
0.9798584479940761	0.0	
0.02587493572128156	0.0	
0.02370906731092854	0.0	
0.9896666480608499	1.0	
0.027378321980145545	0.0	
0.023525392638666747	0.0	
0.030959943903148757	0.0	
0.023940401360281485	0.0	
0.9741471190408868	1.0	
0.03424281008521024	1.0	
0.02366720965594358	0.0	
0.02353554490015946	0.0	
0.023522412034944908	0.0	
0.036313900814586055	0.0	
0.02450048145131504	0.0	
0.023635535805324757	0.0	
0.08872001516579384	0.0	
0.02366547077708583	0.0	
0.024993538477071725	0.0	
0.024260817735123247	0.0	
0.023704611146388808	0.0	
0.024395321894294025	0.0	
0.23030518153795845	0.0	
0.02467731119346637	0.0	
0.02443913117407022	0.0	
0.023579824900215582	1.0	
0.032260953329194944	0.0	
0.1652930705909437	0.0	
0.7661220912087494	1.0	
0.023909296157128158	0.0	
0.03501719544594703	0.0	
0.08775227849185155	1.0	
0.8318261376977081	1.0	
0.03905454073933377	0.0	
0.026472479007711196	0.0	
0.026436949849728452	0.0	
0.030012181594701915	0.0	
0.9783584389666647	1.0	
0.024714299443634728	0.0	
0.02472094866739151	0.0	
0.9852978850016726	0.0	
0.025093111454692178	0.0	
0.9731138150678331	1.0	
0.024720983017113618	0.0	
0.031246098010303407	0.0	
0.032018641746271226	0.0	
0.02550637040261861	0.0	
0.054329714913445654	0.0	
0.03245861531750819	0.0	
0.028494979176637836	0.0	
0.024744540575942057	0.0	
0.02475020637178596	0.0	
0.02478213499199124	0.0	
0.025908465906290527	0.0	
0.03155071654549537	0.0	
0.03293583764820124	0.0	
0.9647375037054111	1.0	
0.025212323133578456	0.0	
0.025336304357972968	0.0	
0.03930545954144575	1.0	
0.9852978850016726	1.0	
0.9737336116533177	1.0	
0.02493761896531755	0.0	
0.024697044214494455	0.0	
0.026219759608622533	0.0	
0.9842743979386936	1.0	
0.0256524655852991	0.0	
0.9533305461889858	1.0	
0.9642757184733395	0.0	
0.024917265720523833	0.0	
0.02476836087421559	0.0	
0.036247148850951066	0.0	
0.029823998722475917	0.0	
0.9872673618909743	0.0	
0.025530299638970234	0.0	
0.17661267747524817	1.0	
0.02474329443557711	0.0	
0.024821483152688305	0.0	
0.049773574619220225	0.0	
0.04456998561536421	0.0	
0.025093111454692178	0.0	
0.9914523256048816	1.0	
0.9860436671011009	1.0	
0.026049999640610177	1.0	
0.5568594400964326	0.0	
0.02856442718104504	0.0	
0.026263656927372415	0.0	
0.024876257078230407	0.0	
0.02477399216219839	0.0	
0.0303679419749248	1.0	
0.03142703287399426	0.0	
0.029533278434449018	0.0	
0.025530299638970234	0.0	
0.02927045232114097	0.0	
0.05631681994257533	0.0	
0.03026766433322135	0.0	
0.024736610064785624	0.0	
0.024964316607053342	0.0	
0.987491982799677	1.0	
0.025135299921782126	0.0	
0.025130268754221502	0.0	
0.025831616701413103	0.0	
0.9832815364150556	1.0	
0.13377475296235203	0.0	
0.06353335340966362	1.0	
0.02548167136331948	0.0	
0.025574862655162577	0.0	
0.9750049605843208	1.0	
0.02478213499199124	0.0	
0.024988953246329073	0.0	
0.02562035740129584	0.0	
0.02654202609817421	0.0	
0.025586814228084453	0.0	
0.026921880430429784	0.0	
0.9412236420489849	1.0	
0.9833279493366113	1.0	
0.026074112975529817	0.0	
0.9601055204123826	1.0	
0.023734508482871987	1.0	
0.025844391073365	0.0	
0.04489025668528955	0.0	
0.026372456619338683	0.0	
0.025215305374533686	0.0	
0.06523051198914785	0.0	
0.968684651530801	1.0	
0.05766192336763994	1.0	
0.028088728962056823	0.0	
0.02395943608088064	0.0	
0.023728069663024976	0.0	
0.7371366333826415	1.0	
0.025416590984002188	0.0	
0.02388569265153256	0.0	
0.0238322975107514	0.0	
0.023840926370453968	0.0	
0.9806002433902801	1.0	
0.025114613074200993	0.0	
0.1912099718534625	0.0	
0.023790204539092634	0.0	
0.02478668509959423	0.0	
0.9883997293532222	1.0	
0.025489626780143645	0.0	
0.024478983072730807	0.0	
0.02700285067058507	0.0	
0.023726126609778263	0.0	
0.02429685867518298	0.0	
0.42637121960355473	1.0	
0.02843370201220441	0.0	
0.02378354279757088	0.0	
0.9872579562225954	1.0	
0.02379042830555258	0.0	
0.02392424595795702	0.0	
0.044374656469302796	0.0	
0.9910682724849348	1.0	
0.023725085282979664	0.0	
0.024159165736668615	0.0	
0.02504280938913251	0.0	
0.9928739498360679	1.0	
0.03397540437516951	0.0	
0.9746607158767241	1.0	
0.02401802930426986	1.0	
0.046841200775631905	0.0	
0.03802450192768286	0.0	
0.023859746989246675	0.0	
0.9893946545229736	1.0	
0.045545953583739536	0.0	
0.02710974976728191	0.0	
0.04085063419435299	0.0	
0.02377348936849568	0.0	
0.023731603440729578	0.0	
0.025079916562228983	0.0	
0.02375233495262065	0.0	
0.024061807831886505	0.0	
0.4796133987323163	0.0	
0.023992387146482167	0.0	
0.025860747703509396	0.0	
0.3462356890988417	0.0	
0.027511402935619995	0.0	
0.02376781487407108	0.0	
0.024212209240999243	0.0	
0.030925628095639247	0.0	
0.023731603440729578	0.0	
0.023759308839012207	0.0	
0.027918479380874595	0.0	
0.023725095947257954	0.0	
0.9641024202386517	1.0	
0.024524920752883907	1.0	
0.02458599616335909	0.0	
0.29615007968400253	0.0	
0.023726380485711972	0.0	
0.026700398268095796	0.0	
0.023859746989246675	0.0	
0.031768484040164455	0.0	
0.8647253572799948	1.0	
0.024229692422345694	0.0	
0.024509102576446496	0.0	
0.024140583054534925	0.0	
0.025907863836290807	0.0	
0.02565426900268805	0.0	
0.5792801567801984	1.0	
0.02671561381825368	0.0	
0.037721945362997715	0.0	
0.9880261486253924	1.0	
0.9810792552505538	1.0	
0.024122447392297477	0.0	
0.03326218893600259	1.0	
0.0846702717026207	0.0	
0.03191978758312816	0.0	
0.7792534358613588	1.0	
0.025407438845619655	0.0	
0.024266355337105302	0.0	
0.9736044961638194	0.0	
0.024181886957618685	0.0	
0.029223705920699207	0.0	
0.727173382895326	0.0	
0.030909651613738955	0.0	
0.025875846640077683	0.0	
0.7196073376324407	1.0	
0.9685856731847149	1.0	
0.6342613455752191	0.0	
0.03565894608403507	0.0	
0.025495068708527503	0.0	
0.02417403772080667	0.0	
0.030267458242947954	0.0	
0.027017685232430724	0.0	
0.027022514196377672	0.0	
0.024289693715767516	0.0	
0.031069276647023088	0.0	
0.024530371091670396	0.0	
0.5992558655243343	0.0	
0.2597104827653987	1.0	
0.05122494125626975	0.0	
0.026435455530148033	1.0	
0.024250709006628613	0.0	
0.024779471591746448	1.0	
0.030505310376119626	0.0	
0.025039304901156103	0.0	
0.02447667880104108	0.0	
0.024586715646043734	0.0	
0.025479638008440705	0.0	
0.024344299414784422	0.0	
0.07412892380218654	0.0	
0.0303899016995465	0.0	
0.025479638008440705	0.0	
0.024233809663266888	0.0	
0.024511065317349732	0.0	
0.02561964488804791	0.0	
0.9707462261973181	1.0	
0.024124538877909264	0.0	
0.02842043796638628	0.0	
0.024195091522768875	0.0	
0.9831978491923411	1.0	
0.9678151631361631	1.0	
0.15311509813555696	0.0	
0.22954758457784735	0.0	
0.02442505097755937	0.0	
0.9678151631361631	1.0	
0.148078256455182	1.0	
0.025846064091469695	0.0	
0.03678328767017679	0.0	
0.9686860728612883	1.0	
0.026216855880127052	0.0	
0.024176056084825877	0.0	
0.0241792611639946	0.0	
0.9894644919414795	1.0	
0.02426329765654188	0.0	
0.9597179351649391	1.0	
0.990935646583369	1.0	
0.3715863819362675	1.0	
0.024301127505761536	0.0	
0.026441933911865025	0.0	
0.02425287280677536	0.0	
0.02641856537531827	0.0	
0.9830611381050044	1.0	
0.8884262758372674	0.0	
0.023985618694746403	0.0	
0.9744686897374939	1.0	
0.034369909204115576	0.0	
0.027068576682263437	0.0	
0.9789511467215152	1.0	
0.02437876383199829	0.0	
0.024313020992148153	0.0	
0.991255738383843	1.0	
0.023952796762439606	0.0	
0.027138536900112226	0.0	
0.024046455399444933	0.0	
0.024313020992148153	0.0	
0.023814484575463434	0.0	
0.02404593304056159	0.0	
0.025378406927693976	0.0	
0.02631838729950719	0.0	
0.02578799279314865	0.0	
0.0242149845414978	0.0	
0.8366309535958426	0.0	
0.027138536900112226	0.0	
0.08235269694144305	0.0	
0.023838034213786143	0.0	
0.024874158536307023	0.0	
0.9932324391072463	1.0	
0.09375409499572654	1.0	
0.029169718622089346	1.0	
0.9643127622169082	1.0	
0.9815528579822719	1.0	
0.03240328168769255	0.0	
0.039469920019238866	0.0	
0.02384830580758977	0.0	
0.5124048839415253	1.0	
0.026247349827802493	0.0	
0.024152818513576348	0.0	
0.05620310090979329	0.0	
0.5898770324433424	0.0	
0.024313020992148153	0.0	
0.03716981421307997	0.0	
0.02454647236006547	0.0	
0.029339068767532624	0.0	
0.9855078905812137	1.0	
0.03023913269793936	0.0	
0.023819710945435845	0.0	
0.024946757878551086	0.0	
0.946636196519076	1.0	
0.02455690656558089	0.0	
0.024949896031288374	1.0	
0.025805418369624317	0.0	
0.05799495239152483	0.0	
0.02380174143700561	0.0	
0.284615025347791	0.0	
0.059649011171794414	0.0	
0.02382148122927469	0.0	
0.03213858940198342	0.0	
0.023808631670807632	0.0	
0.8444099116720089	1.0	
0.02393549362778455	0.0	
0.023949633069556275	0.0	
0.5756484245021067	0.0	
0.027499799063316354	0.0	
0.026280659120107606	0.0	
0.023842988689240542	0.0	
0.988620941755357	1.0	
0.023970666673523912	1.0	
0.025401135879325548	0.0	
0.024332653465683467	0.0	
0.024609611664422815	0.0	
0.025498582480439895	0.0	
0.023816535118530012	0.0	
0.9730039481322593	1.0	
0.025605514909178933	0.0	
0.024548833536424283	0.0	
0.9697893154349284	1.0	
0.023817818857417187	0.0	
0.74386912206791	1.0	
0.023810547069899605	0.0	
0.9437603769709026	1.0	
0.03567404502177404	0.0	
0.02382059075286918	0.0	
0.02420396195972086	0.0	
0.03952657623342368	0.0	
0.021553256794689127	0.0	
0.058002125475618	0.0	
0.025803948760278732	0.0	
0.021673880556310678	0.0	
0.021511600507499874	0.0	
0.030378984555390707	0.0	
0.021680914008171268	0.0	
0.021812967581860725	0.0	
0.09033889965295941	1.0	
0.022593731054995157	0.0	
0.02183001936626474	0.0	
0.021499378672672733	0.0	
0.021523485176230962	1.0	
0.031561396989836635	0.0	
0.9882679424105493	1.0	
0.02252244801290854	0.0	
0.02347032591521362	0.0	
0.022966393332425696	0.0	
0.02366198060972845	0.0	
0.9905125320220595	1.0	
0.04317929495025937	0.0	
0.4571191765103549	1.0	
0.022661626179600703	0.0	
0.9901640037763296	0.0	
0.9712861277634586	1.0	
0.02547024890002403	0.0	
0.9936908878426471	1.0	
0.023228200990338864	0.0	
0.026188449829256683	0.0	
0.046987186067304475	0.0	
0.028713404623976896	0.0	
0.021560102656332337	0.0	
0.16684862665932398	0.0	
0.021854167097258088	0.0	
0.7410736314035825	0.0	
0.021644072615649896	0.0	
0.022449448290689955	0.0	
0.15446376061914466	0.0	
0.9739744106412365	1.0	
0.03724247635444579	0.0	
0.021570682546126332	0.0	
0.021873920769254984	0.0	
0.02172536403260113	0.0	
0.038146204708601375	0.0	
0.07025855167048456	0.0	
0.021632128162677337	0.0	
0.021728961463210746	0.0	
0.021560102656332337	0.0	
0.026788240280611456	1.0	
0.02172166237509962	0.0	
0.021922848503879655	1.0	
0.03867476878708988	0.0	
0.9210627427941201	0.0	
0.059808563802496016	0.0	
0.023001761000533874	0.0	
0.021979701706753958	0.0	
0.022707073811729372	1.0	
0.9222292317049623	0.0	
0.990744349989259	1.0	
0.8355397999067058	1.0	
0.02165222854645261	0.0	
0.25832053146330036	1.0	
0.9292660809918104	1.0	
0.9739744106412365	1.0	
0.021600010659712742	0.0	
0.06675319717768961	0.0	
0.021854167097258088	0.0	
0.026789666531640065	0.0	
0.02882677558585365	0.0	
0.9684032399003958	0.0	
0.02375371794405162	0.0	
0.02150752453198203	0.0	
0.9655287158158657	1.0	
0.022976610506437813	1.0	
0.026720299080779296	0.0	
0.02149988383100049	0.0	
0.02400063704652649	0.0	
0.028949570804632525	0.0	
0.02390379492491509	0.0	
0.03102301295193426	0.0	
0.03984343197543033	0.0	
0.023244914350401786	1.0	
0.027819059528045857	0.0	
0.03640062304460973	0.0	
0.02556880252929619	0.0	
0.023104367590292645	0.0	
0.025039866449659692	0.0	
0.9660206530191213	1.0	
0.024015859026851372	0.0	
0.9893597852423257	1.0	
0.3540656081106208	1.0	
0.03064090113543926	0.0	
0.0249333579443548	1.0	
0.023123724383741207	0.0	
0.023236158853146456	0.0	
0.03172040731461941	0.0	
0.023382915631127706	0.0	
0.03208520743392586	0.0	
0.023361936525354565	0.0	
0.023944578955869798	0.0	
0.02366937207765199	0.0	
0.02334484831244206	0.0	
0.965418024123339	0.0	
0.9917571771824301	1.0	
0.023165040871892487	0.0	
0.023496060886002108	0.0	
0.027497340128028663	0.0	
0.03208520743392586	0.0	
0.05790133617568729	0.0	
0.023089573987043963	0.0	
0.5539819705801278	0.0	
0.9888663772072676	1.0	
0.023133915932889645	0.0	
0.023302429811991533	0.0	
0.13036096534275046	0.0	
0.023350104177081155	0.0	
0.026844744913406153	0.0	
0.8787093973145077	1.0	
0.03796247670215265	0.0	
0.3540656081106208	0.0	
0.023139789882522018	1.0	
0.027497340128028663	0.0	
0.991131853454168	1.0	
0.9903839017045972	0.0	
0.025581198523309367	0.0	
0.025853420227904947	0.0	
0.0400751932011308	0.0	
0.02310640404130748	0.0	
0.10614757208586485	1.0	
0.026304736042162328	0.0	
0.023969267305708333	0.0	
0.023590365427664153	0.0	
0.024712272408489014	0.0	
0.02760917964263103	0.0	
0.02328434187910396	0.0	
0.03217893715125035	0.0	
0.04046023334244122	0.0	
0.07285010550399132	0.0	
0.02317207050682171	0.0	
0.8388437469223012	1.0	
0.029653730031187958	0.0	
0.023328693028223588	0.0	
0.06468228362913948	0.0	
0.1056297588520638	1.0	
0.023328693028223588	0.0	
0.02419113138840747	0.0	
0.023644009790375876	0.0	
0.023430477624262924	0.0	
0.9238500196540922	0.0	
0.024648383739951343	0.0	
0.023351669728060225	0.0	
0.028771957207123826	0.0	
0.023373968450626042	0.0	
0.0235491217796475	0.0	
0.29219633853206906	0.0	
0.024015859026851372	0.0	
0.9719410385763848	1.0	
0.9671350909895706	1.0	
0.9461157526009221	1.0	
0.6022707327692159	0.0	
0.059700466919794005	0.0	
0.7442015307934177	1.0	
0.9472193720911798	1.0	
0.0290719165155418	0.0	
0.02886235807817561	1.0	
0.04068954769439822	1.0	
0.21930409415454724	1.0	
0.03275992066692981	0.0	
0.02864709642636783	0.0	
0.028708192598301117	0.0	
0.028886080021531924	0.0	
0.02871387392952838	0.0	
0.029083427745428443	0.0	
0.8457922824069031	0.0	
0.042478791801312754	0.0	
0.028658549253911588	0.0	
0.02867828545287737	0.0	
0.9275578169199488	1.0	
0.9478067652742711	1.0	
0.03668510457596413	0.0	
0.028746969870176144	0.0	
0.02882754585232728	0.0	
0.028672651517324198	0.0	
0.03724148693000217	1.0	
0.028752082914046503	0.0	
0.02877365750326961	0.0	
0.03125988653046363	0.0	
0.030017578961587823	0.0	
0.029622575821396872	0.0	
0.0286700580591015	0.0	
0.029098183631983687	1.0	
0.02967988157895202	0.0	
0.9472193720911798	1.0	
0.028737211807076092	0.0	
0.04394547136360507	0.0	
0.028703861730452643	0.0	
0.031434313856160856	0.0	
0.8813366700524514	1.0	
0.02905769860694826	0.0	
0.04467970036989899	0.0	
0.029142269066839383	0.0	
0.04394547136360507	0.0	
0.028880910093537687	0.0	
0.028949920181291035	0.0	
0.036798880957761064	1.0	
0.029300104660423393	0.0	
0.030412075703065915	0.0	
0.9732898854250684	1.0	
0.3643988085927359	1.0	
0.9925999131049732	0.0	
0.042744977907036415	0.0	
0.03548155644183503	0.0	
0.300948200593067	1.0	
0.02887784591728491	0.0	
0.029596812930732422	0.0	
0.9587310214307785	1.0	
0.8780298669721344	0.0	
0.029192793180460568	1.0	
0.042101885056752004	0.0	
0.02924625981329524	0.0	
0.029385551208542905	0.0	
0.9817716400549342	1.0	
0.6756143882676067	1.0	
0.08875935591406828	1.0	
0.029006794203331188	0.0	
0.9817716400549342	1.0	
0.02869425097486121	0.0	
0.07791006790021793	0.0	
0.04250875607912479	0.0	
0.8890064347585112	1.0	
0.02869574510364777	0.0	
0.028736713315339564	0.0	
0.029037203302986956	0.0	
0.030971385975125144	0.0	
0.036972533594769715	0.0	
0.02864987438939882	0.0	
0.02876465166133085	0.0	
0.02869774375332692	0.0	
0.02892106630489077	0.0	
0.0287290355044294	0.0	
0.03920243811913689	0.0	
0.07456819080680958	0.0	
0.029108007565276022	0.0	
0.22938257550774147	1.0	
0.8753252709307942	1.0	
0.029047649880190672	0.0	
0.9808401201286971	1.0	
0.9555848789307803	0.0	
0.028680637151849844	0.0	
0.028676280169766415	0.0	
0.029811157409489582	0.0	
0.9659445647260969	1.0	
0.028687551453650467	0.0	
0.20030419560089108	1.0	
0.030449444965494742	0.0	
0.11680375672274645	1.0	
0.19168195940203847	0.0	
0.03554845860546982	0.0	
0.044394432233503596	1.0	
0.971924929403357	1.0	
0.02970734243243393	0.0	
0.15461874466003578	0.0	
0.03557593562215431	0.0	
0.02867716786703286	0.0	
0.12021540730256261	1.0	
0.028649215888634026	1.0	
0.9862605778216658	1.0	
0.029161467003658192	0.0	
0.030902396345626124	0.0	
0.5592232315215552	0.0	
0.9927891025532329	0.0	
0.030146284784782762	0.0	
0.03144249192518227	1.0	
0.03041646114739752	0.0	
0.03123786142201533	0.0	
0.03188169076393378	1.0	
0.02966629873164411	0.0	
0.03218304419929129	0.0	
0.03037730783604461	0.0	
0.029976270246573365	0.0	
0.9859661199078494	1.0	
0.029332262054413964	0.0	
0.03323276683046363	0.0	
0.03172530441654695	0.0	
0.032895952288227205	0.0	
0.030818878430535046	0.0	
0.028952722885409215	0.0	
0.029416581605242367	0.0	
0.9712649688531843	1.0	
0.03239382040388973	1.0	
0.03798863335292286	0.0	
0.904385887666843	1.0	
0.034643209228350916	0.0	
0.986182145102374	1.0	
0.9766570812615785	1.0	
0.029279348364502092	0.0	
0.8561641808335563	1.0	
0.03486252534234441	0.0	
0.029547805632010607	0.0	
0.031385684007040844	0.0	
0.02906675548144661	0.0	
0.030204656741226278	0.0	
0.02890687681448627	0.0	
0.09099816906499497	0.0	
0.029273880991512645	0.0	
0.028720182594744233	0.0	
0.028752890524524077	0.0	
0.030019130891443008	0.0	
0.028656822058042774	0.0	
0.031055548765986183	0.0	
0.030780255607534474	0.0	
0.02865617467665366	0.0	
0.03311244524213343	0.0	
0.03805209495580254	0.0	
0.7316804473866884	0.0	
0.030577029691813435	0.0	
0.12021540730256261	0.0	
0.9904537771623178	1.0	
0.9712242823266496	1.0	
~~~~~~~~~~~~~~~~~~~~~~~~~~~~~~~~~~~~~~~~~~~~
Accuracy=0.855625
TP=270
FP=78
FN=153
TN=1099
