#####PARAMETERS#####
dropOut_alpha=2
preTrain_learningRate=0.1
dropOut_beta=3
epoch=1000
fineTune_learningRate=0.5
CD_k=1
classifier=logisticRegression
label_number=1
dropOut_standard=0
hidden_layers=20,16
preTrain_randomSeed=2
mode=test



~~~~~~~~~~~~~~~~~~~~~~~~~~~~~~~~~~~~~~~~~~~~
-1.3884804335792216	1.7283920904018273	-2.724513910117114	-0.07024534112340408	-0.5714311788429715	0.30441126129994545	0.5110543470602245	2.5131844099604335	0.927692415848109	-0.12652896483058965	-0.3310851649021682	-1.7395142766198115	-1.4114955545534067	-0.2740366863203409	0.3595437384601219	2.2158388711073647	0.25422712910568906	-1.4875246298889282	2.106173416302521	0.1654593936293312	
-1.9912153514251476	0.28438163832402097	-0.9883586948054908	-0.10969608245330145	0.526369459759847	0.4635991301938893	-0.8782125828366789	-0.0046266970878855364	-0.5132617897982242	0.3476954876327736	-0.028878565483628174	0.22099513126861672	0.011980716777129988	0.5481934048540655	0.45819770038674607	0.1446816512515518	-0.2167608511441298	0.018224010193513118	0.04302448001680606	-0.5091094127195273	
-3.455854170220462	-2.6490326659685266	-3.4912113812006966	-2.7323007176759564	-2.640988602489818	-3.1962620097374623	-4.1613049953434915	-2.179643208198771	-3.6131722325596254	-4.264544450788712	-2.709739751928086	-5.272032741134805	-5.967485160886848	-2.8270908180495047	-4.981036527253561	-3.22459668202525	-3.316963464592824	-3.1413105458836252	-3.464615157532701	-2.7046751265075715	
-2.3465150095466774	-2.2543024019738063	-2.580871332243113	-4.464041033571501	-4.5393171715903335	-4.119946922566859	-1.8572892986713343	-4.056165759831106	-3.076308151473384	-2.3203241657979405	-3.0074399992243066	-3.6518344533990073	-2.3597362936146293	-3.98952657083002	-2.723474131938621	-3.091248622972814	-4.869641675775539	-2.866599942439866	-2.8473185895427258	-3.9681915843353557	
2.0743526420470006	0.4286853803613305	1.020545310759622	-1.2375352299177151	-1.4299070349549468	0.3145831101728996	0.897776788051634	-0.11787824799395298	0.4429426005887709	-0.5342754565335396	-0.432509645320352	-1.3482471667171476	-4.132909469752873	-0.93268963163525	0.4990715228541435	0.022354019366986173	-1.1731973304810301	-0.10019343212876124	0.1189361765644842	-0.18731852211961994	
-2.7879368408185967	-0.41034450623648916	-2.060802002077831	0.5598350167041041	0.5633232625409728	1.2753563574234557	-0.1078505223060731	-0.6011363152186944	-1.1180107243792916	1.7805045569716074	0.09463394314617597	2.794335165046192	3.2329841117279727	0.37697329792034295	0.6646081757772763	-0.7551881888019792	1.727310928837646	0.1383767135501798	-0.42890246015200123	0.5374845210422077	
-2.906551426671966	-0.11894737081833082	-1.617026518557912	-1.222320541254609	-1.3810393406562016	-1.1813678588643317	-0.9609564011320938	-0.6454477226712559	-0.4170780554393958	0.585100210062131	-0.7577308322654563	1.0949602188588436	0.9913111975883	-1.083028001336916	-1.0503090685720098	-0.6411816375505965	0.6109607276236643	-0.83588140131318	-0.5527708105720325	-0.3301181968127382	
-3.7012955756356996	-5.690182128267988	-7.437944263676343	-7.526640507766593	-7.389679251290256	-7.478183028533897	-7.83385113624366	-8.279077712188798	-7.089598535364393	-7.654229320932015	-8.141017994573305	-7.623154729156514	-7.74429970167612	-7.296710270597735	-7.944020271983431	-7.242467578310671	-7.587720588488217	-7.961660417136982	-6.57610930478869	-7.902337486573456	
-4.699322995475625	-4.2412658926291575	-4.645696396398002	-3.6389585278278402	-3.218516312840169	-3.3453602184876194	-3.6308515084958537	-4.142132057276719	-4.123260991133046	-2.8228224682927414	-3.972072575252288	0.43894366896412695	0.2161099950774752	-3.51741273132583	-3.0780712041372964	-4.235759411698009	-2.802134261149553	-4.09866286980144	-4.491511726697939	-3.8967611316128625	
-4.91087851565671	-7.521782263986206	-4.871304819922679	-6.63499827402449	-6.046129549275741	-7.352164491846974	-7.622513634354123	-6.365893843329046	-7.574400629613286	-6.477885953464149	-7.034778303612531	-4.840097565020057	-4.301363685333567	-5.966778201938144	-7.834178191041289	-6.892558977321123	-4.68188300751459	-7.326393275745259	-8.56796406559724	-7.210508544075678	
1.9942601544022829	0.4813780008387844	0.4035942699636632	0.545676082290509	0.46581509520167086	-0.11394190572683889	0.3999085111981017	-0.4346452112806693	-1.1772264977525229	-1.9124790145467232	0.24222135319425428	-1.6451851504630814	-1.8503094220075438	-0.37190175185946805	0.17432260526332213	-0.4222868895322782	0.4118992443688729	0.2815133966896356	-1.3467362806101653	0.05380134891381543	
-2.470377148613686	-2.4296981924209815	-0.29005451745068955	-1.9368929874212109	-1.0993674623476744	-1.6352751605254652	-2.6054495708476373	-0.9418221780073802	-0.40073883039743324	-1.7300356573771414	-1.1702544285166794	-1.682546499032758	-3.2907284201928952	-1.167799925577883	-1.9031276461454032	-0.817593033486557	-2.1861223322199566	-0.1077218273213534	-0.6047988778133788	-1.693252913473571	
-1.3968957824641837	-0.6075022028161855	-0.3102196911661076	-0.805466989639617	-0.6920579298018492	-0.6011106401747333	-0.402202702558745	-0.7349819903560643	-0.8269796570822997	-1.0752200498943163	-0.4667957132882526	0.4062536443713785	-0.184449033432012	-0.6343258597550561	-0.9051991028078323	-0.7540277949369761	-0.5058859552660036	-0.2470194787617264	-0.685851694284094	-0.5675312027352203	
-2.184667399828373	-0.7457182341074832	-0.559500598044954	0.41401908744319216	0.21650453849340578	-0.18577198882674162	-0.8605975208890089	-0.616383879480262	-0.5980537988285861	0.38082399888272134	0.0552208640949599	1.654730298688963	1.6292960128805047	0.12437394072735394	0.4840573614179267	-0.586701445302937	0.36424287740812894	-0.4719621529261189	-0.6458197642338958	0.04237999592581819	
-2.2244085078087634	-0.3948319025409977	-0.21309769931214786	-0.7011728805757597	-0.7687907599301055	-0.6786890100176011	-0.013263916829160628	-0.4468908319815967	0.12782977609615992	-0.1071024892054065	-0.6216400761614255	-2.287570539257835	-1.6236432942428463	-0.5049825547900562	-0.7429016479880317	-0.09048259352923997	1.1098569275573469	-0.031116642100954682	-0.10370318202868875	-0.7469760038890251	
-1.85473731628077	-1.7796179816430566	-0.5600157621728308	0.9118236386277446	0.6029931705437926	-0.10959449639149231	-1.5591519038857256	-1.5205692315043773	-1.5624583292769354	0.29623759762705876	-0.14673258684315932	0.07465562563851055	0.5599312977133589	0.19435830019496889	0.4498687506185358	-1.8133647292598407	0.3924405689783217	0.6930031448752313	-1.854871900169462	0.13272693245141443	
-4.533832694444048	-3.290763442065486	-1.2530606073880506	-2.991664322421652	-2.994866621666445	-0.8982667708994778	-6.865359668486522	-1.694874059665287	-5.019856367193966	-1.9826933003238474	-3.4690566571728536	-2.213620892517632	-2.532963887020657	-3.2099360444888183	-2.51682736683859	-2.7313801965843982	-2.8737765959540145	-3.5793413409655077	-2.752782943093654	-3.163562295022181	
-2.899537203271975	-7.861997816251068	-5.751781623317162	-4.761883800040936	-5.21610607659809	-7.165446452286164	0.42991671310862656	-6.845738909352527	-1.6285153098671308	-6.844231453689797	-4.174832355130933	-7.050063937249116	-7.044456950198686	-5.676366154582085	-5.240256826737819	-6.927160015954598	-5.271904177778229	-5.620103283656265	-5.0894208315789395	-4.922176825480035	
0.30306031170625763	0.09126952361542212	-0.260446378130464	-0.8872265489413156	-0.7598892695525007	-0.8814508880859327	0.2778144650766212	0.009245274860519551	0.14405369690104997	-2.4573828897494976	-0.516203845488699	-3.6180523516792977	-0.8450117269038521	-0.32815180796348814	-1.3451972402466938	0.061901180458911194	-4.264020006732324	-0.13647887440883197	0.08262777051526714	-0.36736226704634234	
0.18907847614513743	-3.815427140965602	-2.788593350091655	-4.074392228856215	-4.05523205015115	-4.215181266987732	-3.830858307530264	-4.113108346772154	-3.996865961622017	-3.686613921460332	-4.099486779036583	-3.353366309730654	-3.552395667117699	-3.9487066194312344	-3.8690642446849464	-4.125405078673454	-5.484823213181821	-4.271661767207208	-4.273649504291117	-4.338063410547215	
0.8214351291209793	1.590985362856858	-0.20058912267597484	-1.312421276472651	-1.6038995239655014	-1.2637742338489704	1.4926289942050006	0.6553852295138755	0.9361058119767283	-1.8473574772255343	-0.6319493239063912	-3.0647046056145903	-3.0187094130860834	-1.374516855933778	-1.177119990458186	0.7004676665191619	-1.7967190207552508	0.3948279293803761	0.8873725588906166	-0.4336743235804254	
1.6765267630735927	-0.06089895034500641	0.11222074608253617	-0.153669195382495	0.09888418330901769	0.18573083159180825	0.38685702101452857	-0.25764377901755814	-0.25660598457672834	0.2861082254326977	-0.08996248298799107	0.36625213709587345	0.3593644071789613	0.020680479013722407	0.2547454024771645	-0.19394162992355454	0.49444571116360314	-0.24881126934633405	-0.43736542101178766	0.037257546789898816	
-1.2396316776024994	0.023143859397692104	-0.2844693418681747	-0.47449665734932345	-0.5890709084696907	-0.21491908191904685	-0.06716756155849357	0.08179274573367572	0.7021188391074421	-0.1373552395039071	-0.29137053569390337	-0.20896182177703188	-0.08782934202367025	-0.4103170346522865	-0.34964670437103207	0.01786629613777123	-0.677738360782691	0.02795689730617221	0.5075230945527573	-0.3796895086130226	
-1.7393662268396224	-1.1006407930922628	-0.41496343465852165	1.398298793442034	1.2461722481345625	0.4033567292974257	-1.297462884361878	-1.0096811487474466	-1.1873730108239997	0.6972418499659507	0.7354699293646678	1.9255108035309512	1.3480326478554465	0.5026119874817693	0.5946311704228785	-1.273254888019709	1.8458576022652236	-0.21527349297404333	-1.1738152698636366	0.4809027678521776	
-1.2023508106595975	-0.0846704900545784	-0.4833546237155915	-0.08560889999481736	-0.08174545277233032	0.1759972893876281	-0.4462925203514623	-0.1100178393765666	-0.4719099673589696	0.27555816049060755	-0.22020137332598266	0.36667209757519437	0.45409183988887303	0.005659175699701597	0.01562624464837914	-0.03706022939000721	0.020143789144896458	-0.09468632302145212	-0.3460261395440714	-0.08145967790554254	
-2.1817266092705148	-0.23978476714984706	-0.8683780436900888	-0.834215402239116	-0.8713707948724232	0.37344304341776996	0.22134084287586944	0.29657476346145745	0.8574538370060967	0.4420696881577536	-0.45869595584969736	0.9111426114783684	1.1873657897300873	-0.09925115523684132	-0.6200921970781469	0.038677739972419724	-0.425614411040674	-0.3107691143429189	1.1550269719768775	-0.24965781704744647	
-0.3509469298088909	-0.2499059249676429	-0.3674828280118166	-0.05699059020477766	-0.17045913720833886	-0.15954583345513854	-0.3525751554157251	-0.35889611421640744	-0.37622644698028934	0.08798932731745451	-0.07356485048608133	0.3058705062563744	0.3578472961141086	-0.17021642357728997	-0.16182102996622363	-0.304002337367389	0.020976104199205023	-0.1317424709410347	-0.4755285816107637	-0.09290401674164313	
-0.2492807420776505	0.24732625352222096	-0.8373031603814642	-0.682806646813386	-0.7824501435243127	0.1844641378899178	0.7274451686308258	0.22333722123369254	0.5815335523544997	0.5357929285907939	-0.355586677895736	0.5437360978804239	0.7380846012285811	-0.23635075478995557	-0.46726110876238175	0.9006701942263917	-0.5726807785013307	-0.002744058987451099	0.8357089115069268	-0.41752906733971906	
-0.09044059406124005	0.3145686630761837	-0.8753841235828342	0.18704607574576285	0.1410398974288961	-0.5096259377659619	-0.31757612732382523	0.06804899176128341	-0.44397755294616514	-0.00632316209109194	0.13100369609479898	-0.6306159443272821	-0.48566796134052964	-0.04650256407832811	0.33857531821599496	-0.07607611675544598	-0.7116711045374943	-0.255982773540064	0.12160463632289527	0.008003975229325534	
-2.1247933411856166	0.14424533528661979	0.148940974972335	-0.08988892910299397	-0.06605380986571363	-0.0339052966069042	-0.6426211666384454	0.05716816863417188	0.0076425061243149215	-0.8222599641987434	-0.22618776660987513	-1.3216029502183655	-0.9810420748495613	0.29305293025942647	-0.057913490532851185	-0.008293437303395832	0.12556793110139322	0.2141376876392253	-0.31449615164715194	-0.01051624031585929	
-0.37996634606355967	-0.41478926791667886	-0.36940717411121243	-0.3543284905019064	-0.3653781824853519	-0.30434548607585094	-0.2676892176819499	-0.2884356288191257	-0.3103085071206965	-0.2520534713727794	-0.34751168629285856	-0.1517161452890676	-0.21970983726039195	-0.3153260737565001	-0.2962971082848409	-0.36052372203491645	-0.23697617089927184	-0.3151717630115658	-0.382593849767121	-0.1967032092326999	
0.6714889618306569	0.0999762085829864	0.09430845054300374	-0.341210837655289	-0.2589015466825882	-0.04952006395080376	0.5940841953518423	-0.28700373054832684	0.4267819617356823	-0.10385912238011537	0.10386705172974517	0.9035302063247097	1.0183478306536577	-0.04606131790868065	0.7441593184901987	-0.3765933476329424	-0.606700042041506	-0.22523246822259071	-0.4395559289963003	-0.013245509700725957	
0.9434098957071084	-0.439675851104513	-0.11426208021212941	0.3081660039949773	0.6154422210046423	-1.6289304344064728	-0.1200217149275611	-0.4045225100882731	-0.23996316683713625	-1.699599972644893	0.09061954461450115	-1.9013532124039387	-2.82110522999391	0.09664995789878651	0.4899177793523368	-0.5227265030990129	0.6807845787319385	-0.3348690354809483	-0.9293653116535808	0.135818893921049	
-0.8969337512892366	-1.3033842126625956	-0.33603313102111554	0.5589519405803769	0.6439967393837296	0.7510197682880385	-1.2154638710848635	-0.43682076226737776	-0.39662108439624216	1.304278132681674	0.0783842697134926	2.0665273942351936	1.7436931297456653	0.5771105885683729	0.7947639522174587	-0.1871340638680873	1.036312700096725	-0.33682009582482314	-0.6278015640285193	-0.06466309832236201	
-0.9825426633783312	0.0131171310863437	-0.3094184597549555	-0.2501083543026556	-0.46590080759896635	-0.18107007580388304	-0.3114523926436694	0.12704250940586145	-0.0842196882175464	-0.006902527460581308	-0.39130235148112413	1.690393643801431	0.7405047309597781	-0.23503899754497656	-0.3716681971088721	0.012809314327807658	-0.26665643287603946	-0.01887902931185633	-0.011279567265273493	-0.27110483376180716	
0.6125250404052012	-0.5027214540717775	-0.4817065628245685	-1.198680446078302	-1.0016492271473583	-0.03119875894560925	-0.08284730058413638	0.47154896033883925	-0.1880320527090827	-0.7879575726888506	-0.2603989467816421	-0.13702709230791507	-0.5113961195565708	-0.6804262102402163	-0.8788672371563875	-0.13872013334967015	-1.2185304005199329	-0.23455426674025817	-0.07122844832964534	-0.48705649861295053	
2.253769799720545	0.1709945322168077	1.0504633012606608	-0.2338300295945905	-0.3696900623274547	-0.5620228084403533	0.20640831673440505	0.30993252432669943	0.20331729139551719	-0.11080090376778991	-0.2803503499488323	-1.6408108876191867	-0.6214931893594556	-0.4064358080083098	-0.48465173117370025	0.20673373644014342	-0.4258461328989174	0.17594081280819415	0.24907904499692743	-0.31572522249945667	
-1.0501384659914865	0.3175878818633758	-1.0656930825344502	0.5231604206452687	0.3427014299348749	-0.5653739106620097	-0.05497176343703077	0.06724087392013993	-0.04448750596423164	-0.4304460024574602	0.15651933105025728	-0.578156261835275	-0.07325728879649325	0.16312239154357833	-1.0081605500842286	0.44748936236262743	-0.17734972882038133	-0.2714437832323136	0.23284527054968934	0.13941547484785566	
-1.6264690178880277	-0.29573594533565123	-0.5471596169379774	-0.27453393871773746	-0.12218877002129692	-0.28556525650047054	-0.17249383429535986	-0.2495222221257123	-0.12949380288194637	-0.20024123829533041	-0.5278220402606474	-0.30993799422511426	-0.1877322075589729	-0.16647798022323979	-0.24706622736497183	-0.06971620561045534	-0.2573795349606652	-0.19958764084782296	-0.2726912187077263	-0.1876630040363741	
-0.5546795303967118	-0.08036057238906623	-0.8877404097592525	0.08336857063907105	0.3934069689553334	0.2736860150793893	-0.03478604900450691	-0.3713465046988833	-0.17125011072530563	-1.2365217531971133	0.12576678816077064	-2.1833937689944283	-2.2314407956910918	0.006995474173384448	0.2238823620944335	-0.5048082076603152	-0.1891173380187486	-0.0654133134790417	-0.14678849161738697	-0.3553955835132209	
-1.3720713997115133	-0.2361873547618705	0.41037208934152525	0.39436766362806863	0.6320135950808266	-0.29779591100717123	-0.32382592222716805	-0.4272757417666156	-0.03468416007766507	-0.6029969660424842	0.13086664090601402	-0.7868811974481805	-1.2015783208827626	0.22548522646362856	-0.03288004023032452	-0.17581492423335376	0.22051789007604017	-0.33777716913048733	-0.30207244740210737	-0.055164756010652724	
-0.4635961844799508	-0.06717246068851283	-0.38053930641137546	-0.06367991601520065	0.21952921512974713	0.138429991173392	-0.4810489881879804	-0.029013723421923453	-0.5926876054225981	0.19850351698148777	-0.11983703983607946	0.46800096345809306	0.43886676841973987	-0.08468002920526305	0.030231902558495522	0.018041068252406613	-0.043279470056676476	-0.20644426543598307	-0.0330502949033351	0.05862417853284078	
-1.6312175261409871	-0.049237785009072194	-1.0504472784109484	-0.10445186085128388	-0.19448583034817055	-0.083786296511445	-0.377848944117235	0.025587815583166574	-0.3200164410166781	-0.18576721972209928	0.008640608295935857	-0.4976482140009858	-0.09320831645012845	0.002953914484312417	0.15210506763129178	-0.06904594991299406	0.1917962049678157	-0.14898012424167442	-0.2548353571384965	0.03706034840121385	
-0.7625305076933273	-0.1858316198129402	-0.003634314684395109	-0.7007118655190614	-1.06013706842523	0.26518591406166697	-0.6166038842160967	0.14194031047959704	-0.6765284605305637	0.574542407241819	-0.3963506382393	2.4459647687774897	1.9466944893065572	-0.3989516071709207	-0.33970966678842296	0.03396560090759087	-1.3752739394249835	0.10403805158862442	-0.2141348854589351	-0.12259681416907894	
-0.36069707431951725	0.11926357521842382	-0.37959771555916294	-0.7014755409385579	-0.6764081348459219	-0.3478152103080866	0.05001308911848572	0.2903716874543199	0.16391824848701492	0.026365983107015774	-0.4640557752239232	-0.912516892396293	-1.7896427101665453	-0.40987424292105995	-0.2843648139771742	0.17010761693500634	-0.7194028292214093	0.0023643381706049435	0.15611543089778324	-0.4033667108302077	
1.7517010548236809	0.6893684482704007	0.2082057788320233	-0.21911436384705082	-0.4241437840136095	-0.45361049667191883	1.2749429794861726	0.6477870826243063	0.4317716035123291	-0.5971749004796817	-0.27764496701347857	-0.6363561261391493	-0.490670767067894	-0.3344537986750744	-0.8782450051903535	0.6329019968184822	-0.8297342773928076	-0.2991416512816615	0.33797398605212303	-0.14027560249867044	
1.2067981591699106	-0.04278876502927528	0.022676482924927164	-0.0906069445867972	0.0029826530309951644	0.006684018433292961	-0.13976106003469915	-0.06091246443693515	-0.08302792371125495	0.03901591454934937	-0.23746613638000533	0.40677959234959876	-0.8235464571891544	-0.0547591327328171	-0.0064500576263758005	-0.10813298746750116	0.10077291488944595	-0.23461053632188555	-0.2742386573623055	0.003002875433511095	
-0.8806898907822105	0.1698470147539853	-1.5277102406663448	0.07102965649204568	-0.03342705823565042	0.15745515400601293	-0.09028422969110053	-0.41893036391375915	-0.3257984797699405	0.37378901637458833	0.06583076351605659	0.23689010736385996	0.5961089891408824	-0.06946812953155436	-0.5357807866469234	0.117493051642445	0.2591751724470496	0.1039197661170335	0.19044495107315468	-0.06863659189967618	
-1.3196387198126063	-0.302144726598879	-1.033615905228145	0.1301628302908753	0.17340376510437278	0.48540975924948165	-0.6164143116958737	0.021510409680498044	-0.46032247943102805	0.6425758753511951	0.0348497845653734	0.3982542074649756	0.8284306007296233	0.14424086197130226	0.35207572168759355	-0.4644884026156449	0.25874942186884525	-0.19901947347921634	-0.3863658366332318	0.2041075304677539	
1.0373761295735329	0.03949484703643943	-0.905296106045225	-0.28089787909205444	-0.224326615688441	-0.3539029498143564	0.37677518229236207	0.49180005716919944	0.4458817035194841	-1.1277312665519388	0.12800940433684296	-0.38178366670511105	-0.9654102415752978	-0.036663313239613554	0.39629318310128203	0.28506000124909947	-0.6342964394233354	-0.27484019035009544	0.15245819991563694	-0.2782262971162629	
-0.2931814520108157	-0.32595247721121745	-0.5127557993294042	-0.4040643478154195	-0.4583506379556564	-0.353468693173431	-0.366498712681175	-0.5314508939096437	-0.5368693508059003	-0.30279961189594257	-0.5415137913382233	-0.34311443236924827	-0.6172358798363212	-0.506918512666861	-0.6513219626086696	-0.36124205836042844	-0.6111334931608265	-0.40820920595706156	-0.4253285747444431	-0.41993521742110296	
-0.5458778529016337	-0.19376907563882445	0.16506410799653085	-0.23291618895166827	-0.22044121378236098	-0.25709699799518604	-0.1651501572510386	-0.05747991203933942	-0.055816065369163455	-0.6586301969923872	-0.08886159300575396	-1.1316472582459272	-0.5682288118693635	-0.13064226074836768	-0.6158297187739393	0.4596962161801199	-0.28864532109113206	0.15937756189270494	0.28487422907566917	-0.5405208010280725	
-0.6547923810735123	0.03921467295695846	-0.5074388796573754	-0.13618219715709268	-0.24639729651257777	-0.16515534468350473	-0.13445588302318603	-0.0645263266596195	-0.2830684895604393	-0.6935801645816791	-0.3675408544466432	-0.651229629309028	-0.6464252164365966	-0.04375571245792077	-0.2170432789322385	-0.07707379990940273	-0.46263247453138884	-0.14219114488551848	-0.0896520765076927	-0.06413232337287102	
-1.1690139709904497	0.6669563190978484	0.6008736397695994	-0.4526103007935649	-1.219557648651281	-1.2916940535323114	-0.22166244293276785	0.45261305671639906	0.9079087058559432	-1.5094584883282185	-0.4241522663930561	-1.0989599270081973	-1.0790579208057463	-1.4778744822470122	-1.1763581832480385	0.3710819806991417	-1.0934855333941447	0.07468483504840291	0.44233686069824324	-0.6216786580647822	
-0.7846791003531387	-0.21395554908223763	-0.6624551320936333	0.4419638360228474	0.4599738615658592	0.1082964524196247	-0.36636768529778563	-0.11514162487467693	-0.4751398132375078	0.37257143862985526	0.07026641103671145	0.8142917674190111	0.8241521306707706	0.165718679532628	0.17623862561895254	-0.20173873493270297	0.6003893088780863	-0.18846572443991882	-0.22991913031970906	0.0856489516536142	
-1.0093816297742209	-0.28388278642470527	-0.6767930947946871	-0.20621925375148578	-0.07094950762035518	0.42174534857450086	0.06880428289915769	0.0463768046198131	0.4040529877055626	0.16598783223081554	-0.13661853592850462	0.8830823066631907	0.5865721713176429	0.3479875105901195	-0.045318997798253755	-0.23411434088306296	0.19461172556375278	-0.6342553692818805	0.9720246028066506	-0.031049349548574714	
-0.3246406712146978	-0.7129085866629996	-0.010275000119823421	-0.5287797210834284	-0.38610443272456096	-0.12400453196761757	0.03924099319464587	0.062459846641920905	-0.01456122860359873	-1.0446238138848993	-0.16541358122058128	-1.36704048374427	-1.7719273862698963	-0.17824705381507716	-0.41535812635272307	0.02200752288314009	-1.045553134939611	-0.1851831200245247	-0.01911351096405539	-0.8832890262631816	
-1.7163939204516483	-0.15666090651813286	-0.7316374335243268	-0.4835925384053812	-0.32927154087105576	-0.47876685722398643	1.2679410085909435	-0.7494999859946871	1.1031463250403002	-0.37238305308146935	-0.26894554807166016	-0.5015892936975912	-0.3263231836093695	0.3782974075255791	0.32370112119120675	-0.816119927300932	0.14756237393165972	-0.02990915985689987	-0.9685915704373788	0.16348617749857236	
-0.49953233528351215	-0.2578511902764575	-0.28730369035923287	-0.3533807133933827	-0.3668703058195242	-0.2562338542459946	-0.20592693992959846	-0.1358834946527686	-0.0750796421438653	-0.18125851694546802	-0.1078836050017653	-0.18077326350670128	-0.09449921953114672	-0.2876656889475824	-0.1745912425169268	-0.13005668980149077	-0.25320594735567176	-0.1210542821921626	-0.20573682985814803	-0.21122428837202004	
2.039705231875198	-0.313386633671928	0.2991149384460213	0.8142817900253734	0.8500325118209832	-0.13771670219146584	-0.4968605514903148	-0.7198708248507282	-0.46126175065986463	1.1158841704226088	0.2674039596300729	-0.21057233056200747	1.9549077153586638	0.4247032374840604	1.2317028979318603	-0.8356544093965973	1.273792255061261	0.15124676647858237	-0.6951182432419638	0.5529691528901823	
0.03523541844534344	-0.16257956703458765	-0.489334312639731	-1.3789450991099228	-1.2953593987436467	-0.7338738196356974	0.05286057518738925	0.32887103149329355	-0.22046558689666984	-1.275520060951288	-0.2431660926997956	-2.471934812219154	-1.5195520293791276	-0.9580169672792387	-0.5324040073540782	-0.09349396321662758	-1.4334827889869397	0.10825937009837042	-0.06231542747013379	-0.841180132274111	
-0.9934003058754569	-0.34151047852947825	-0.4701973659170711	-0.13582440217274036	0.053759929589903686	-0.1861508727062251	-0.3558870316935828	-0.4097109910836475	-0.4279923981174408	0.35475904150624393	-0.2723969486900086	0.6294442528500193	1.3949897846665817	-0.04008663873363203	-0.1792829744842843	-0.2910369264510474	0.2636324365284347	-0.2261393708675291	-0.19592486336874865	-0.20730436752400597	
0.7109983242856598	-0.14885117741615844	1.3334130361842298	0.41797614733472765	0.5417543421439243	0.6157554067764068	-0.037630722855776545	-0.15054164066235717	-0.6123010116222551	1.1018936844667198	0.024308464933047707	1.9527268209553723	2.0532557892708003	0.4145660141513796	0.7803452177144607	-0.4204566188886552	0.8993394112060434	0.15836634563858248	-0.505997155712048	0.3430119337372793	
-0.9297525133761774	-0.07311898526968034	-0.7092785529231718	0.10169051474151335	0.25872727573344856	0.13191655979847772	-0.9054582701947249	-0.021794421789746953	-0.5798742999115496	0.28587050907257155	0.17369937586123366	0.30220031119881346	0.6533292321110449	0.13221110969732147	0.16495022217069505	0.0024632781256421123	0.4158163653035153	-0.058725468053834134	-0.16936801937017798	-0.09417898941503206	
-0.31568181444140114	0.04542937424851817	-0.683196410254356	-0.2810170229397694	-0.21557822602219015	-0.17290160109076244	-0.05614266800821962	0.00435869293004519	-0.14763792499787076	-0.4613364766847009	-0.011731669585899529	0.0032451948431946012	-0.1965468130772906	-0.1403527160881937	-0.3481696593278147	0.03778692331981934	-0.2689646209463212	-0.21486012008804	-0.18891742827567712	-0.12418867608475928	
-0.16490462755248844	-0.5371492839542854	0.5506122751685035	0.2335417562244201	-0.10679585877324405	-1.112383164149755	-0.13777070023810073	-0.40002523846052845	-0.37714482004211064	-2.366211074405072	-0.09845686093366518	-2.2022560802247715	-2.4494938612731336	-0.08195677009350039	0.03711599739599715	-0.5580360403379034	0.08888772975826717	-0.4978671189303013	-0.8538973859724107	0.355606872265769	
0.3057656192503531	-0.057786115121872886	-0.08115079098079306	-0.3793835333063818	-0.29170225330542304	-0.40665269271136395	-0.10032173890789309	-0.05311110580445836	-0.14203699298224967	-0.20589014733915192	-0.3008118045837927	-1.1121713342015895	0.43968077825682855	-0.22845789526437688	-0.37213900145380197	-0.25821758327976047	-0.17104159699233248	-0.27717588814527006	-0.16772781218676386	-0.3890028090555032	
-1.0376740250591672	0.2239957513754675	-1.0799089182026038	0.07505837613962472	-0.07644675270632514	-0.11085541925251136	0.07536837067373937	-0.7130346875192164	-0.1940784548233848	0.128854087970317	-0.02658756459898956	0.008918045266144599	0.05487987135280031	-0.325801957067021	0.22644070799164406	-0.5807643413840412	0.07297787359987808	-0.031243613686249387	-0.36786323413013633	0.13820309634853725	
1.0659782560690922	0.33535619955261803	-0.11595127761277453	0.07540210293294194	0.39917110021739705	0.032941621037021	0.9460562011145103	0.40395397487968476	0.9288569363815802	0.5320154201792058	-0.07347891781634107	1.1296356461287567	0.12696392145736857	0.15041997999286913	0.29515149741499236	0.263836766419566	0.4039482171749705	-0.7753800137723813	-0.036488631543447406	5.470533632682196E-4	
-1.8527683065501466	-0.7973407752167214	-0.5974128860256122	0.22974548151258786	0.22296808194190493	0.5529283134596699	-0.3355875289795214	-0.1557962825663284	0.8068060632388767	0.5747262698631576	-0.04237034947879731	0.9654802889231224	0.49276463579357793	0.5174821818023082	-0.021554389362793677	-0.19553104797791493	0.8661672340628197	-0.5981646083353472	0.5389360269988521	-0.11307022432217761	
-0.5792969385190875	-0.20449016796837063	-0.35787938754939197	-0.11584136784815546	-0.18840646746734313	0.11039181183626762	-0.19639130054145304	-0.13770735857921024	-0.08808304045076754	0.2837135885555683	-0.34030288954034243	-0.38659135118451504	-0.3133714951673788	-0.27719374449541184	-0.07306511854795184	-0.19588270870573227	-0.3946219332592506	-0.17513673669356206	-0.13639462202478808	-0.18941420878871484	
0.43237618653721327	-0.2270375458848222	-0.423256045929814	0.08129816171542234	0.17275787960965858	-0.5097055610604351	-1.160153901879518	-0.07587255371157739	-0.7002869744654426	-1.912558527445237	0.03016971575144307	-1.5668322906671432	-3.2307459954606554	-0.02352675320111306	-0.19588656365661808	-0.0776467606651824	0.3358024086119447	-0.05043643290193345	-0.055303461215078585	0.07070877547094943	
0.040929601995401424	0.31777935236419586	-0.018399023944542778	-0.7734719762626571	-0.8679380331718224	-0.6066238286624746	0.959868466535263	0.15286951768263474	0.9313892753704528	-0.6159711554107712	-0.4882246062008012	-1.7204158348098428	-0.8507105340364438	-0.22759095229583814	-0.5043087341620379	0.18056089775473233	-1.6548716342170655	-0.05221811100149768	0.18388728996223339	-0.4004892207510669	
0.15710491444131097	-0.5388187469301245	0.17419398802923053	0.7478263529271387	0.6229735803576526	-0.187463350576988	0.12199583253546774	-0.6961002909324233	-0.25701283836813116	0.12683333413268447	0.28154042813204444	0.8159054121791114	0.8700014252078756	0.41978430667904143	-0.09937156797550062	-0.6298187874686443	-0.4257977918283977	0.10533555322490704	-0.5891072172749056	0.18112164909928777	
-1.7220984683964304	0.5934596501064967	-0.2284674246502467	-0.8329519820936522	-0.7414579051772707	-0.21710521622628998	0.346174624799297	0.36673960068701683	1.1108528950416092	0.06423572750576806	-0.44838936677458857	0.12038174993088085	-0.051922607085665276	-0.430381927819764	-0.38850825680885337	0.35676428237133734	-0.8128823516716935	0.15034188953119276	0.5823787581450086	-0.43896864602658286	
-0.2822029271102873	0.04772473004655432	-0.48354989104608825	-0.09206706428471785	-0.32003080967717373	-0.8494355205168508	-0.012888404876959499	0.17229229814545557	0.16270480397076334	-0.7794486300266192	0.06650981980868562	-0.5327288884120926	-0.943388990003812	-0.41392584041763697	-0.567594169023298	0.22936784348348452	-0.5675563914041651	-0.17419246147984271	0.21884086984210604	-0.26462672534960086	
-1.1757796562305887	0.12229045812176689	-1.280834920547548	0.1306928730996063	0.08023856508436375	0.15684129054199453	-0.3515583293786734	-0.21843814521869437	-0.44624822820868926	0.3916795171402894	-0.21447631474021053	0.4300361428323146	0.45156142743178934	0.05583567065776951	0.03412015441353847	-0.07296368402451354	0.5541356105543418	-0.015176202892355719	-0.044581607368373445	-0.006771436841145545	
-0.8499849378464699	-0.06654110925430268	-0.8554622159434438	-0.6579458831213183	-0.5697502708939743	0.034535968686597404	-0.1256487092151019	-0.11202111601318794	0.0778953104321952	-0.4990256991046037	-0.17975448067621005	-0.29550878005616515	-0.562570407017947	-0.512663965646992	-0.6569636135577611	-0.04072464970146606	-1.251595124948938	-0.34349196496943446	0.1563804685373937	-0.7532982639363511	
-0.713029077089932	-0.047722720197431776	-0.32806697676686186	-0.3878471430915198	-0.30358978266976283	-0.2072668254212799	-0.45521796371694523	-0.26211025430188056	-0.22406408597541738	-0.268331961490057	-0.2333166059355754	-0.11782914697185905	-0.003315025805631951	-0.10580956876051123	-0.22399223191901937	-0.2499582892114719	-0.22496092333347795	-0.27536092347999097	0.0268701251019208	0.06453711443818073	
-0.4608176308162554	0.017024300797274912	-0.49111670731667617	-0.1790156384668025	-0.3639626949970202	0.5519730225477019	0.13850357599267993	0.5963999088837773	-0.24610320057612925	1.0546037607701555	-0.08517618548454683	1.0314450404902806	0.8256449578458862	0.15235858186416204	0.026715288207104757	1.200561842024983	0.11699161113401481	0.2768764482992691	0.7830828766994471	-0.2623768235922194	
1.2610696262702847	0.8491921088252372	1.2010802576916766	-0.6677207139082681	-0.8528515994848332	-0.7649518908709732	-0.15843760967116458	0.11154742081755026	-0.1406285052307491	-1.1051176215524603	-0.4591253825551524	-2.0650898708359824	-1.623598145192716	-0.15726774976393768	-0.3930944424793276	0.022140554613489506	-0.5935409382996025	0.3747741106072444	-0.11550500511583843	-0.22653196852558902	
0.6575497248106427	0.1675092103412822	0.4640306572854674	-0.1012359480335581	-0.21150948555930138	0.01159820449154117	-0.09805323371357731	0.23011147969972212	-0.1738857508433888	0.19990915101107082	-0.25669609382042335	0.8784684174959366	0.15065838054130076	-0.23794177713672876	0.034640949234730864	0.038021940276127535	-1.0514814371544339	-0.0937405354071405	-0.07040752082399031	-0.24368462011602984	
-1.2518674805828038	-0.13212229184806112	-0.9110985725057918	-0.13355548441474546	-0.17888067125031892	0.38263970663833663	-0.8294513993495433	-0.0441281579027362	-0.6652772166692767	0.7700842594324042	-0.2622332776394271	1.2935234564490534	1.543678032307788	-0.055853625807831465	-0.12025735509701971	0.02410062885708148	-0.012987147071894375	0.03163733032383728	0.11501044706030139	0.12410971041332802	
-0.5191958113375946	-0.14807357923520276	-0.4501297317766359	0.10922093635545335	0.20203294994391746	-0.015459913264433476	-0.2412478496882431	-0.12537676295958916	-0.03669492460372107	-0.3464164751428372	-0.14733841742369796	-0.25016868877113335	-0.28290536377344944	0.13679831820773358	0.20800612870157506	-0.23177379370812126	0.43171854221192263	-0.5926121554893035	-0.5288061386667281	0.16514195711411644	
-0.5747621533942635	-0.18567240829168064	-0.6272916603371257	0.1344478447937706	0.4780361202577506	-0.2852867367022249	0.010045066151529298	-0.23305949482630187	-0.09699187192204667	0.002221847665315602	0.21680124221981023	-0.4595340429332387	-0.13204524095320033	0.24462365021896776	-0.22836562588487894	-0.1454927735902652	0.5650992722068936	0.016793599061610223	-0.17925158189098517	0.2631373959683587	
-1.6458122811048872	0.1991243328205651	-1.101148108863223	-0.05308701479624619	0.015445133206278258	-0.1762807580987585	-0.5077923970186742	0.25751436160781144	-0.32462389214492493	-0.07544965197852695	-0.09047435314685379	-0.32261966151883437	0.09636340428191478	-0.08393594028095122	-0.5569709490234529	-0.049760899362672556	-0.10647928748057822	-0.05721205175425831	0.16254045509453477	-0.09812863260538822	
-0.5272789496959226	-0.08906830341717402	-0.6883975632153293	-0.22150502598455768	-0.18735867233691345	-0.10613149771660221	-0.1864855049676154	-0.08259374202915017	-0.02444027570584405	-0.04742497246990694	-0.2507134273400002	-0.0769020103998721	0.3886591470640972	-0.2095750848372956	-0.07060459120661679	-0.10390225696804964	-0.24506093860437805	-0.14770387685251676	-0.19863020198958292	-0.04708061611981399	
-1.2510450312413492	-0.9183712385836675	-0.1497038509661585	-0.3606401459987961	-0.23340205679004175	-0.8943779202800873	0.4912060465605463	-0.35405238573865866	1.2991016569922007	-1.0083598154758255	-0.3269612228198573	-2.294776345957613	-2.293100523330048	0.2231887299109434	-0.08920148114555558	-0.5460862860519277	0.12081889597112608	-0.7090023068000468	0.43416060834820575	-0.020549046713436405	
-0.515535352655602	-0.542419682200762	-1.091513200937046	0.9382352796425871	1.0233109420088233	0.16788023872661895	-0.10412238694715467	-0.4241554982332215	-0.6995984264744931	0.574866802214117	0.5455755587567686	1.119139445209566	0.7665263976628697	0.9188096835277619	0.7250225110074037	-0.5061828563139954	0.5933814429795587	0.12085279456039408	-0.4417304892973092	0.17887864105862566	
-0.654310423337803	0.5912408233817398	0.07812838123417556	-0.11649676650687624	0.13522949670414988	-0.5452802970963845	0.25691731713659754	0.28483132970517483	-0.13749206509833942	-0.43313682148742866	-0.032400070484760325	-0.3418529220885145	0.28364524508140876	-0.027858847295252353	-0.6962856561051857	0.27729499812478253	-0.6305886194365059	0.07216991499881534	0.288512747603805	-0.534969123835557	
-0.26630180516914326	-0.30949117130395054	-0.40292953536405635	-0.3809647823881259	-0.3398394419032563	-0.42440074308577275	-0.22033240394813072	-0.2949037772801182	-0.005193680259025676	-0.4160498934354523	-0.38069513697865653	-0.06057313978643598	-0.4369407609814282	-0.5668813335856614	-0.48978679171738887	-0.17617302526515954	-0.7900905373043124	-0.20090534681589592	-0.17918723579725598	-0.4227784932794235	
0.33360117518170945	-0.2819373823712456	-0.12832815268463355	0.08507578985343262	0.138986935291687	-0.07842756989379168	-0.2640566064649175	-0.06860270758923726	-0.42117765287161996	-0.30058583120089477	0.04173322907478329	-0.3297888270557491	-1.2414390184098345	-0.22999263633291522	0.24390620961175036	-0.09908339489421991	0.28022061828497136	-0.19944011217776111	-0.23573213015119168	0.04621823392700733	
1.506709684979056	0.33678566181391006	0.37173573899739354	0.19843452629192304	0.02424989879337166	0.20724385383837204	-7.154487402994968E-4	-0.09098829482072202	-0.3664571080508299	0.3633209184738222	-0.22219977439762933	0.7150323401563708	0.8511943963767042	-0.0046364489518342	0.14760154179914353	0.13737949430328497	0.17874844703534398	0.02535284143235142	-0.14504723767393005	-0.12402378592588308	
0.8611605879451619	-0.4718007152331755	-0.6012970659607056	-0.32029093521041613	-0.515659941292392	-0.109044107239746	-0.21886398145954633	0.12494040096744394	-0.0697141846066491	-1.5749946391374978	-0.23941791742312313	-1.2376849089779558	-2.6332360224716496	-0.21865731389123827	-0.07588218578577456	-0.10453600243444693	-0.5102718237976245	-0.12393628522800418	-0.1663930392728386	-0.18121418363072317	
-0.40545173172542237	0.07710297666152609	-0.39832183926756304	-0.6112322327117977	-0.532889077528132	-0.009386346343532703	0.4843724519131724	0.24029264824557817	0.5870141411945128	0.21072423459130205	-0.41867282687513896	0.16311832708337767	0.25373631420274545	-0.24657033445800727	-0.2550278102076618	0.20847097213464946	-0.40830266010443866	-0.22378365449697146	0.3032856788202089	-0.42228385887342634	
-0.5433637278610509	0.19504895257610047	0.6685111117315712	-0.639161249906836	-1.0692148313313539	-0.5237056490960681	-0.10578807205516738	0.0568279931049692	0.02678941017331222	-1.1650948193434691	-0.22378513331569488	-1.5009646025005254	-1.6410659857233019	-0.6773372291795823	-1.1534780296577238	0.5293678729320397	-1.5125819404710068	0.007988927748168064	0.49362900491206746	-0.34782604085421576	
-1.6229871377023877	-0.3510759323895636	-1.463326260289594	-0.004281841686058452	0.03181289620352498	0.09810605887285105	-0.0031012192299248605	-0.1278191197775497	-0.114773910489964	0.27320190366726194	0.10461894911606923	0.8640907077209485	0.989598503969141	-0.09243937022840922	0.36181071459255265	-0.4363844416540154	0.011966492755944141	-0.20966484199389487	-0.14381604804246406	0.10361835956586114	
-0.7574428800626763	0.798350286369242	-0.4924598124350265	-0.11839511283588787	-0.132813871247447	-0.3222297036262064	-0.11441192912869538	0.5706209780700535	-4.768934700673544E-4	-0.5240307549822312	0.18252823460446221	-1.0931867195119094	-0.2732786906350055	-0.5471990834878189	0.23624544655087135	0.6300116428049329	0.23462248176090147	-0.2596017102548855	0.37464113978562896	-0.375090018343813	
-0.6616156491134456	-0.6461606840530251	-0.2630653638530814	-8.493730970233403E-4	0.03836239532260663	-0.010463689343102161	-0.9135141038446042	-0.33138009530240903	0.09378249426538544	0.14450283797731095	-0.22206183216137731	0.2171674024669063	0.11335553666719592	0.014117068599729107	0.12916448939397773	-0.04207446240956431	0.13739839655063146	-0.28218184895369997	-0.27836318800190046	-0.23573658866956754	
-1.308064297089012	-0.2793450912363831	-1.205759424851642	0.39419159213476007	0.25615629483760866	0.49493921279330827	-0.24080153508271315	-0.36923098390900466	-0.11776711188387917	0.7903691018954084	-0.020074949554532512	1.4619337432911632	1.428531595714621	-0.04490436194622093	0.04876925889575018	-0.5510795694814833	0.6552251029719707	-0.2773170302762414	-0.418528194146408	0.05610836885943116	
-0.12354466832744446	0.0821747310112729	-0.038718494162809036	-1.191314890355219	-1.2186065091278064	-0.2796185696664786	-0.9590239991962295	0.29299037387002475	-0.3194427964540959	-0.6817956393263171	-0.14793659510645546	-1.2624023296888058	-0.5187801305739628	-0.8663206869641488	-0.5377369309913347	0.04940853013721906	-1.2101362660939656	-0.4022933497041505	0.0986601211534779	-0.6240995239412558	
-0.3300414246585812	-0.21477606214804718	-0.40466612249776296	-0.2717156104575455	-0.2845153441421142	-0.3499170517114826	-0.16801457800498468	-0.3450153408368791	-0.3871390788730417	-0.28244749496873234	-0.33787577894178233	-0.13046303358720127	-0.15047696913600886	-0.3996673171661514	-0.36504952894474163	-0.3991896441056937	-0.430260929087193	-0.44521125023789426	-0.2443083206626666	-0.3867532274198096	
-1.045791570837223	-0.11961955577524827	-1.5453081993808633	0.3562961328681624	0.5548498797002075	0.11064206475694066	0.6697191824972643	-0.07253506706154544	0.77594304073306	0.5445529541236089	0.06852369796201241	0.28459022374730714	0.517437771701661	0.727507178386798	-0.10668021742622681	0.02596418436809283	1.143726474088555	-0.4460687836922019	1.0607617332740538	0.32405024666731813	
0.7441803256705072	1.038585150213128	0.2909635084355289	-0.6323697144747703	-0.6184226694883873	-0.7707018414514335	0.9801685116229362	0.48763108170304165	1.0361821866520267	-0.9976817733848683	-0.5591300176165735	-0.40402105935959126	-0.4998835856715368	-0.5498822930982535	-0.1999834773976109	0.7846472254927922	-0.8435732320439177	-0.007924233971777337	0.7632678765686276	-0.4272859110062318	
0.8452743584463989	0.5169265016384397	-0.19705517914679893	-0.7514482362915323	-0.6275893552052876	-0.44177604594014963	1.035967189369625	0.5273244727002235	0.7123649714933641	-0.13983472251059315	-0.37355217516446276	-0.456426790648303	-0.5027522474200665	-0.5677461840471559	-0.6811424117107594	0.46425021534638305	-0.9541615139746494	-0.3086320884644578	0.5508027449530241	-0.43874368791278795	
-0.6978733563643901	-0.525975425457953	-0.4086228177172965	0.4404607054309711	0.34597554533585645	-0.16799984903468249	-0.5531024440168095	-0.6174518054976202	-0.6973122253638313	-1.2432158330470142	0.4188566271353765	-0.5502908311470274	-0.6472512050369249	0.11244159992474347	-0.16391537804429643	-0.16762324662704178	0.024880241758769527	0.07988319493366332	-0.24661795185013916	0.044532960107152464	
0.34546749332328325	0.5520051913126992	-0.5860971887232518	-1.0242448447123957	-1.1330428962004861	-0.22190717896254594	0.6598317128010223	0.48844489278856507	0.22405347169733147	-0.4181912320314857	-0.6396875139511295	-1.2708922489022458	-1.2846989972778005	-0.5034023036785392	-0.8060382595375634	0.4855865182108699	-0.9301239645896412	0.2913526288302868	0.5557744041511653	-0.4379498962268063	
0.17642352814771245	0.033728624406565856	0.25871758069680767	-0.3567389186185772	-0.3791016241512506	-0.4096850378169212	-0.16370436141984815	-0.16557078333495945	-0.29160815150776576	-0.7315282963101782	-0.29237181845487853	-2.426296307189911	-2.55357813307874	-0.2914702234487085	-0.5099390296037958	-0.06465128144031278	-0.6764965132114055	0.11850896424735383	-0.30672359189458187	-0.08493674069409687	
-1.4632601404357017	-0.39210350957134954	-1.3756193320195984	0.27657610098236196	0.3165842994833396	0.6990102349880679	-0.8865041104581117	-0.10462472460367933	-0.7913713353469386	1.4358553611979803	0.07272873273864316	2.065794910218597	1.9973915711023957	0.33877195073456723	0.6274172120246406	-0.2533469940003501	0.6209419913410565	-0.07992306935704888	-0.2741090163336905	0.15752013076126498	
-1.509803291706223	-1.085964730483453	-0.8372919213413568	0.11254017966659337	0.09327100286022029	0.39183443955052105	-1.3884121489622292	-0.1789987430016518	-1.3836390783797263	-0.532810448889317	0.07366223694612353	0.7227179699410281	-0.32134625563551933	-0.1955131518177293	0.623253303861461	-0.41237941279556395	0.7142311265811252	0.08659411930764865	-0.741598446059513	0.08084782532733276	
-0.2572916712773279	-0.4015638496981974	-0.3975952459209459	-0.2009395806682611	-0.373404876734042	-0.4246955405481327	-0.41979194207281956	-0.44390393151882723	-0.2354559243490329	-0.22923373199932914	-0.3670058971611772	-0.324609955214834	-0.4538691493270579	-0.4646702886160806	-0.26213533536096006	-0.4041129103772968	-0.278107466945608	-0.44704580038873565	-0.26100637141691213	-0.3310642399159382	
-0.6268158121532226	-0.02142034477075189	-0.476487682649297	-0.03525131467821293	-0.08666332895504379	0.07176296584504092	-0.1026151752570599	-0.1289830200404073	-0.16887976485809983	0.23617068103086425	-0.15023434122002693	0.31665823392409875	-0.8422686527731827	-0.18898450391239385	-0.016178012858773003	-0.18714921507301543	0.12307790526476753	0.019182015184307795	-0.03169299277582623	-0.20352555659821614	
-0.10699181537181573	-0.060013662608088006	-0.43730199730975533	-0.10698832871409007	-0.21382767516521373	-0.15804262027040822	-0.11752652329725377	0.02004067375800267	-0.12984170930742694	0.11795208263961915	-0.2977713135068167	-0.4053456809810361	0.7405641965466851	-0.06366397478757692	-0.1575205428388096	0.017592105150013033	9.006938280175094E-5	-0.16320438648966887	-0.06617843811596853	-0.2931297009309573	
-0.6507940443564809	-0.029125808670454747	-0.3819061976391079	-0.3714289587752998	-0.5299560509716321	-0.5105164268303369	-0.3841978467583904	-0.031093777384686137	-0.05578751071904714	-0.4289111435153169	-0.27162708053539003	-0.6545084428262342	-0.7298745180226694	-0.25449448882028414	-0.5250488917512545	-0.034443757951947165	-0.8022553472159989	-0.1280059532377352	0.015013712642462743	-0.2309092750482565	
-1.031486049539373	-0.2217006558838074	-0.4473827359485308	0.18665950946433302	0.2723975529250632	0.17587707401608674	-1.1567272310448158	-0.011529430354872534	-0.48576516804575715	0.580488389347976	0.04537303427866139	-0.25105685345150885	-0.060325995036458524	0.09263571781325615	0.07993895991738842	-0.09685927973911686	0.27687926833059323	-0.14481601838871438	-0.09455802353790309	0.0030873391118079047	
-0.8619153423467345	0.6274268717892001	-0.5010118893040372	-0.10511959484006601	0.13959745109460622	-1.010694351884552	0.9973146974762971	-0.035613713023471445	0.6772735899482742	-1.3584969700466698	-0.03471323456118945	-1.166422560463852	-0.9765987128021315	0.10011698471726738	-0.5427070782769097	0.08224832074347996	-1.288754248623335	-0.09222706331346489	0.43169751952832985	-0.5970410591642703	
0.7637411030096681	-0.4886064747757805	0.5874711972831316	0.29632774948866303	0.23196326030771058	0.07631698970685495	-0.24751977129941563	-0.2403937992029278	-0.3347552527801967	0.41774792154963586	0.053298725307130604	0.9959155666264344	1.410219583128891	0.09686765789258428	0.44112176102716827	-0.2560711498618654	0.5278042744920557	0.06963623225603667	-0.31567781218036245	0.2807673293855891	
-1.2409952929844912	-0.6887765419803168	-0.3321000994403411	1.5711061965736122	1.7321281713875993	-0.22992135098771882	-0.792890954214549	-0.9130670597956297	0.18751814736285044	-0.04763169661683865	0.641369696194431	0.12581782479755724	0.16835955979355466	0.9388316460419756	1.1685703969993186	-0.792967310738248	2.239794765848839	-0.6787319896576143	-1.1768364948188792	0.6060244339886612	
-0.9880515472759996	-0.3910848504914354	-0.9203461018873762	0.6317863022870068	0.7172212202552483	0.29137167278213194	-0.05433888239976963	-0.43767770177011595	-0.32538949681929197	0.46698070338448455	0.16771141812673915	2.0456681831536745	2.058773826775577	0.22939385465074713	0.6170333098947386	-0.564850471681874	1.146026397848806	-0.5952515263943446	-0.7794260213258779	0.38206357877506164	
0.4413889906149149	-0.029869071192005922	0.8904446094417517	-0.5074968919708188	-1.1750851365730517	-0.35198110008847394	0.2785371681159744	0.5213774167133504	0.17460196015819854	-0.4213006699528146	-0.4270430491884102	-0.7215870518755002	-1.2246962071410652	-0.6289036526812277	-0.8491569869301636	0.41846358635214487	-2.3790867249259793	0.08344850456918121	0.17101309032161707	-0.4190601775830657	
-1.3806669755479215	-0.42208190383154587	-0.5444516804740551	0.13661931904490204	0.23421592426688898	0.26216248987142676	-0.9216674771785638	-0.14197099245186598	-0.040298008459306936	0.6276270789350548	-0.11169854317900267	1.3103457097311748	0.9783176793686358	0.31268699703225283	0.2881490346599543	0.03151994352591459	0.27423082142979377	-0.28739636245420613	-0.2956328868597225	-0.08690607994514203	
1.0502365357485166	-0.7417377678326109	-0.10788049739271066	-0.31281534252171805	-0.31991888588589074	-0.07299053484693606	-0.22788561844394153	-0.12154068332423194	-0.07634635186169555	-1.3696956156626519	-0.27416011372354904	0.009312551248895825	-1.612231481456711	-0.32107013987698263	-0.18404469712493537	-0.2991406292817166	-0.33955377811898724	-0.23096504791586675	-0.08674661735442482	-0.15804136722303253	
-0.4861639531317314	-0.5669723858633902	-0.8598459514966443	1.14580448167093	1.1035322540648906	0.574072262612024	-0.37030581944533886	-0.21641328762018583	-0.21043996187467356	0.7509261389440697	0.4955757232387086	-0.05308513782364637	2.2457198717554365	0.40425526183537325	0.43765688746268516	-0.629207727324855	1.72347890451673	-0.4081583638317338	-0.5730120770503698	0.39518910874774205	
0.9941373070479086	0.3926342115361423	-0.6476066120519578	0.47976484291615706	0.43003444613715025	1.150383979318077	-0.21752541318954735	-0.30857194010803035	-0.3438056519694265	1.6748217952695224	0.08168158813145085	1.2869213485328204	0.4380828361496282	0.6422744753977364	0.9072876467347075	-0.4730957391186907	1.0756549766057129	-0.096291411309103	0.03259463798582154	0.5400605810694276	
-0.9748371456991475	-0.005135744890484715	0.07791225849273968	-0.5245930159986587	-0.7775468780985317	-0.09380011270260977	-0.3417947658186286	0.02515326901408078	-0.0858922070875133	-0.6574018205589058	-0.18349214912073078	-0.15257396932373593	-1.0220124523965526	-0.32529010274300924	-0.45186477808551645	0.38720552907270417	-0.6271443231202939	0.022702728080047502	0.24057105877685397	-0.28641193491388023	
-0.4499817937180393	0.7558608226339426	-1.2671769495588665	-0.023174573520823177	0.27343427842226103	-0.44171082584700894	0.15490328497851896	0.16686436559933482	-0.3011848396208694	-0.1522702333828802	-0.11140261843453403	0.140176309419453	0.1328480304976627	0.3214144652412261	-0.4949320532437147	0.6915348931475228	-0.12325482563899184	0.30459300903922976	0.5151452358655849	-0.2204069088049833	
-0.3361808718314447	-0.47920157412113445	-0.6350441865350238	0.006055110064843532	0.015911107366081097	-0.029147979899920524	-0.3316710497100112	-0.5144908712665297	-0.2579685926056809	-0.23319837667727883	-0.1214896142953739	-0.428657551012197	-0.30113037673937476	0.03819090746285646	0.20974284540035174	-0.5974189115142163	0.2664307255871345	-0.23089647894393042	-0.21148697691590365	0.0935206810780553	
1.4730285905232687	0.6918561321318195	0.11180184363570521	-0.16091425830547415	-0.20741102683891774	0.1210536638142543	0.7014031801896258	0.20382000706712183	0.3004388771283698	0.16932051899248488	-0.32529219615885485	0.3360477260653852	0.36761864120300924	-0.02986398269530161	0.1058623827874803	0.19284596231435688	-0.2817770619749887	0.02314212212060372	-0.056083644145436075	-0.02831575494652937	
0.5668087286915027	0.6761106941458159	0.7542690834504171	-0.20427132100832432	-0.07347379913806112	-0.3756431469953056	0.3078766694629761	0.16932354998433638	0.14082541158880776	0.4121039100120971	-0.223543452077208	1.0393258370058056	1.017534971960565	-0.007540944064610137	-0.1420917226772331	0.2602430456311022	-0.08110792833524308	-0.021080640928451376	0.3304156253073715	-0.1877456929098739	
-0.8961050532743262	0.10010980353407098	0.6461071365422855	-0.7691914606991955	-0.7634616727652905	-0.7883182012839169	-0.043786508406297504	0.48358496148696106	0.9653177542713544	-0.9028717841131385	-0.40389931773878884	-2.579614429769573	-2.018844249908895	-0.529677004798576	-1.1925637288935012	0.5405735111891173	-1.1967650913174783	0.29998385323167254	0.7560451267521469	-0.749864164929415	
-0.5208115474138703	-0.13841289404676843	-0.5140352047860435	-0.22062828325710704	-0.1357461262824361	-0.2035852394954654	-0.18032788167309852	-0.10438518194222451	-0.2084776066498215	-0.031019141935442775	-0.2439181461921263	-0.13116605462371594	-0.3705652753651579	-0.20419776251623017	-0.2823192523028046	-0.18453039793809176	-0.2018666163835156	-0.16549945118595538	-0.15394049944382518	-0.24145001018681186	
-0.796726524145338	-0.3683401511843544	-0.6567586213669245	-0.25255825460021414	-0.19859335118688284	-0.00674129139373253	-0.11952645247118536	0.1298918626777261	-0.19733199117115147	0.17376162295701594	-0.11023761057700313	-0.31713542268888834	-0.16284865991426872	-0.17315505251327523	-0.020135065846342188	-0.3759782399449546	-0.20471584819396502	-0.1625900708249394	-0.32782581371677	-0.18100517200275013	
-0.4108752864963179	-0.4521887935547506	0.08793731095593624	-0.7606402959586028	-1.110305384442754	-1.3996102898311324	-0.10965993965020121	-0.21456467755749373	-0.21277254885363833	-1.923958614010504	0.11326818592947563	-1.9478907927257625	-1.770506754247997	-1.2256053859560163	-0.207499193228699	-0.2327854810887937	-1.2429929627224758	-0.19423035633887667	-0.648998590421844	-0.5553692263751715	
-0.2913766428590665	0.29816540419071985	-0.5261252745116787	-1.026358046736909	-1.121829384200996	-1.0350279666594349	0.227992771249143	0.3799693705529203	0.044797713117318304	-1.7597103674870707	-0.24822918412715078	-2.275414035070583	-2.073752017405656	-0.9505665554330219	-0.9926436852873237	0.27561978062998205	-1.3314907612685896	-0.23829166433779833	0.23079604797796305	-0.5408120479470025	
-0.5202598884341986	-0.2530742295991791	-0.3119999059436661	-0.6789784562620592	-0.3483049797906344	0.06581676330704742	0.7132890762852655	0.09685831538147101	0.6846896597908957	-0.7778340081280014	-0.43573542334909315	-0.8468626530714749	-0.8838784319600304	0.05452413491201573	-0.3007507181714407	-0.2409411601635303	-0.44466931850065716	-0.6283231128283637	0.9798932629160318	-0.16516196843958578	
-1.4763673628939642	-0.0991855631113777	-0.6794658463179871	-0.06322849246011181	0.07428071456068057	0.4154518993506215	-0.14789135457979913	0.35386812670408885	-0.12660760853951622	0.664441110859601	-0.21902864613508674	0.7333001113867889	1.153752397899987	-0.03616753358782536	-0.004734656042897742	0.16682750007705954	0.15524876127857387	-0.06610521474502762	0.23185243432861083	-0.5480445275725491	
-1.1061466890019036	-0.8805741191029187	-0.7182088275127648	-0.08798010445768428	0.03516760111834127	-1.1061352511707492	-0.6365414799718735	-0.44379359507388794	-0.6823883495499511	-0.6399334775358729	0.007692145905869996	0.3362950396336938	0.28711415898280296	0.08878024537260117	0.22457359316835357	-0.8384920019774588	-0.16776812517902276	-0.46861529597407675	-1.2405105535481684	0.2926131961990212	
-0.4314199650145102	0.3690617838975831	0.3554277844343458	0.3773362995589654	0.37459031249907204	-0.14413336841440363	-0.34608004999955133	0.31529823465447804	-0.0010738348290254686	-0.2502537917410045	-0.006722560143080121	-0.09826171303898677	0.14127842118104134	0.20936538093311782	0.24923812020366723	0.4403433817873144	-0.45194294968911586	-0.08878862713034585	0.15855076493035508	0.06848623208129272	
-1.5233267880506574	-0.8432943852934227	-0.8003344674733494	0.889014567657083	0.9173569965942149	0.2145754044969674	-0.8981199286678785	-1.204408095433876	-0.9908788364914723	0.4991424590811692	0.37586879897071	1.6358833854581758	1.8627911083146251	0.4430639692692054	0.5513725546178709	-1.0184235196926394	1.1545182383112067	-0.19058879601524917	-1.1201522339793806	0.2937075887253974	
-0.7509830418062976	-0.01684703265800127	-0.7803883489637249	-0.2588406438671948	-0.23958605291603952	-0.04378298254620469	-0.2116966081090991	-0.09607587988041955	-0.23613695237355697	-0.12388997922355599	-0.17686961837695125	0.13839248057489506	0.026039905961097266	-0.4292034863844884	-0.37608044051350276	0.058836311641111964	-0.43652981367468713	-0.1500983366863033	-0.08040059804052922	-0.2311275807092814	
############################################
0.5951077910165717	-0.9432050460817692	2.2269392501951035	1.1917693444858295	1.292441298333193	1.3707381590632122	0.7090824597518567	-1.2441835842019788	-1.9803195467354524	0.5001479872218524	-1.961058012135225	-2.2478022600801992	-2.070330972722089	-1.031100095760762	-2.1277475554120406	1.9421914208567983	
0.2509071107881519	-0.37383764170307915	0.8171318820666311	0.6349358697844109	0.7317433310380844	0.7907992367755087	0.5375442204770675	-0.5619637644919768	-0.5420605212121211	0.3749372075287964	-0.8660249139973227	-0.8814981114224351	-0.7556569272617405	-0.5368881927972569	-0.7169314788737917	0.9733983360685932	
0.45728394134194017	-0.3752992600423539	1.2034516652834621	0.7476254078195952	0.7136618901813812	0.7403076472580687	0.4836395657771164	-0.6772091021466563	-1.171206491825382	0.4753791430324392	-1.150572409809533	-1.2943014768650172	-1.144144447241512	-0.4073894782683943	-1.231631050847394	1.0798361190749561	
0.12847305477299575	0.41302789762497183	-0.3274044904273562	-0.2124416448735221	-0.21328417774315026	-0.31503211395265496	-0.16162000378175692	0.5144943416505942	0.6115760674205801	0.16779158598579746	0.7235318303196766	0.7854176685274022	0.732374664403357	0.6614721811753181	0.5897843344619269	-0.34256847511268324	
0.1388191867560666	0.4855575587221032	-0.5062804335769137	-0.33930822294141283	-0.2920523733983525	-0.13197472966732446	0.024552790086605002	0.46690966250994637	0.5967940338307776	0.1553158556468735	0.8478611801116065	0.8864662130108875	0.716446636852814	0.5870452083161499	0.7732517741527425	-0.59107287628035	
0.09197634657247715	0.340388893052332	-0.40604540364800984	-0.12639328391826865	-0.13404901279869086	-0.12046838243298358	-0.035259879132618084	0.31776714994119487	0.5137890999369873	0.12341067621286239	0.37144263677164224	0.37822741073725424	0.39200037767499274	0.09716862613642643	0.5110724172583156	-0.32418051825554206	
0.5174664134656405	-0.46753021141697554	1.6502820653056505	0.8354471094284417	0.930797278192189	0.8651427252980278	0.4896450350015917	-0.5861749474571241	-0.9597110288968245	0.4582330193617826	-0.8985974873302465	-1.0075070735336022	-0.883505980404118	-0.37805245623105194	-0.9951050664113732	1.3145117866682337	
0.33151524190602827	-0.21505192986012778	0.6054319004296922	0.572177472195689	0.6494436917439618	0.7557074812109609	0.5285320792428783	-0.3600929819241134	-0.34839164283633317	0.4244374104303174	-0.7034062726673225	-0.684999618966705	-0.6044160603349199	-0.5231829782710513	-0.49537470985374016	0.8240208972331071	
0.5642063058461511	-0.2622182838873889	1.620548536441388	0.8545060381115092	0.7528599483735527	0.7740413597147606	0.45315946341379404	-0.36026525049648256	-0.7588736244748765	0.38773401157285325	-0.6053780892056997	-0.7383308973736645	-0.7402844716846554	-0.1876821968880347	-0.7724875806858528	1.3026906593094476	
0.1173458027009083	0.6282596676623156	-0.909801998052116	-0.4764484815690993	-0.37343966235459436	-0.33249680407368043	-0.06675313014204869	0.799714980239104	1.0272695278869468	0.22768039151328678	0.8010698674072795	0.8547542125371015	0.8876956581348431	0.5469105380554771	0.8527218328075306	-0.763361400967551	
0.2833108520886021	0.07711695649229691	0.053668074490015164	-0.016166747484050063	-0.0485220799197019	-0.179436693310919	0.029134726337291472	0.1610028603227137	0.05359997064787326	0.11801098265774947	0.32891364258250905	0.3431246638960556	0.3054250354781739	0.28487564975090224	0.25847681646031095	-0.1638633760173721	
0.07486586937570976	1.2023770813433499	-1.539849072855152	-0.6925785830392664	-0.7053857127857249	-0.7735073609268388	-0.1838719276675555	1.337581045403934	1.9134934710513767	0.060208006210432125	1.8537093300075447	2.0702733709335996	1.9459220481364319	1.2036091406241511	1.9545993301003712	-1.2514062017676304	
0.23282535219107034	1.3047584719180796	-1.5949439215466692	-0.531052463075947	-0.6529694586332877	-0.7743494336483272	-0.17515399595848866	1.4725471567218278	2.0761784929291633	0.08046616563260323	2.048675626166727	2.213574691336697	2.0359270562469773	1.3169594384115728	2.1049306861531374	-1.2720266496302939	
0.12331684443662094	0.2675232648767702	-0.08137707146888751	0.15894928748795228	0.11872406351650118	0.10686177902414858	0.1546986343845797	0.29930046407046296	0.6056569343776977	0.3634745796438706	0.26507085108128314	0.34993268446156994	0.4630127367895472	0.17120646065386622	0.5040216191832485	0.07922432422430889	
0.2692141473031203	0.3526590157069457	-0.6000326808137285	-0.24525669813646514	-0.23440650842485822	-0.21155550936718046	-0.14865862749466205	0.5569261786537538	0.6977956460646525	0.22696068542801645	0.6946411357383897	0.679173359807646	0.6655441982776384	0.47079607205469737	0.6601151104060516	-0.6212583760880344	
0.26666287874966854	-0.2545667907114953	0.7641097042288747	0.6209511697943487	0.8102942960359549	0.8826070252676181	0.5746858905973065	-0.32255456254252424	-0.5323184932298825	0.46169745718552146	-0.6465646656952445	-0.8130892831864348	-0.6849905625183633	-0.3967284045928708	-0.6575664757816617	0.8616249445848091	
0.24463871111843108	0.8235333702344675	-1.0955124741200273	-0.4879556397777273	-0.7963319380731532	-0.7947195758163823	-0.1978287034736046	1.0485207348033956	1.0929058264834248	-0.1198400441229927	1.5048920817488558	1.744189183827154	1.386195114552701	1.070653050516667	1.3821482867427277	-0.8948588755602449	
0.37921472951742147	-0.05536413411520363	0.4849952057109022	0.35520386385705965	0.45636633974403806	0.40186402593427667	0.33595859489499535	-0.1647404853591767	-0.35626121744386063	0.3472962763813457	-0.34786010760010366	-0.48609464074734754	-0.40608344821654074	-0.21225731087515293	-0.4011523683340735	0.36968239314704465	
0.4798198105068771	-0.24124626750804445	1.300852139083803	0.8110932314065341	0.7880734727051791	0.8290763272461572	0.5425614923419156	-0.43008595164792524	-0.7107914762664895	0.43895698251247284	-0.6972368766745859	-0.9008148026045747	-0.8218791021221403	-0.38419170812091774	-0.6883444085769763	1.2867278674354747	
0.23302766678331588	0.2185838779631696	-0.14158348744716692	-0.06144034448154978	-0.1179139614744537	-0.12585835791136787	0.020136356542519617	0.2492408512128898	0.25057864247345074	0.28439937552562533	0.33933383999527156	0.25599719835787216	0.36068320240515933	0.3520708225317996	0.26803528937617316	-0.10021484641414499	
############################################
0.2275854849588962	
-0.8961113574197609	
1.7159059884358345	
0.8620273057888324	
0.9349701468939826	
0.9716617202898361	
0.4877092458545637	
-1.1405755239923807	
-1.7421409758556845	
0.26459526650917337	
-1.7700535025741218	
-2.007073508472532	
-1.8076693155895998	
-0.9759323862629997	
-1.835493759021412	
1.4586454966871563	
############################################
~~~~~~~~~~~~~~~~~~~~~~~~~~~~~~~~~~~~~~~~~~~~
-5.015295495841006	1.5792349097627996	-1.7701547361488263	4.172632129143361	3.9738589132444684	2.724059648772634	1.5289057996967323	2.2483433056111646	3.587018291103216	2.73044419878221	3.7926293126963415	3.9893326025407987	3.963978615867606	4.276110867552537	3.7882332959204343	2.1461454995972864	3.7604941027401186	2.397203763664489	2.540011361967489	3.4155210903817577	
-2.7606574647785176	-2.887885226985016	-2.243708554798386	-2.6911100000943096	-2.748024128339709	-2.7990391604198313	-2.7777494221407943	-2.7628188344173648	-2.825474391969769	-2.711982197854494	-2.6426588452542195	-2.433415757682102	-2.579842131519278	-2.757974116750454	-2.62774615623452	-2.4966969086267747	
1.4382672417383713	
