#####PARAMETERS#####
dropOut_alpha=NaN
preTrain_learningRate=0.1
dropOut_beta=NaN
epoch=1000
fineTune_learningRate=1.5
CD_k=1
classifier=logisticRegression
label_number=1
dropOut_standard=0.5
hidden_layers=100,60,40
preTrain_randomSeed=32553532
mode=CV_20



CV_20 RESULT
1615 instances
left 1 columns are outputs
right 1 columns are original lables
~~~~~~~~~~~~~~~~~~~~~~~~~~~~~~~~~~~~~~~~~~~~
9.009118537287403E-4	0.0	
0.0029631297753559284	0.0	
7.67542754143944E-4	0.0	
0.0012467181387398653	0.0	
6.847908954537551E-4	0.0	
0.9301468558339027	0.0	
0.0013560474626264903	0.0	
9.700619380969507E-4	0.0	
0.047741909437126896	1.0	
8.371367636829194E-4	0.0	
7.839315043828894E-4	0.0	
0.9577867673043996	1.0	
0.0012384941166280008	0.0	
0.0010262651839406042	0.0	
0.001603076824913263	0.0	
7.203094027633207E-4	0.0	
0.0012063894768122598	0.0	
0.0011332316069200565	0.0	
6.740199143216119E-4	0.0	
0.9637699528245782	1.0	
0.05889189240621548	0.0	
0.003536753959122866	0.0	
6.540631414491981E-4	0.0	
8.53759327317525E-4	0.0	
6.662545085217993E-4	0.0	
0.0010575428181153572	1.0	
0.9661435928530354	1.0	
6.679566404896135E-4	0.0	
0.025776851018636124	1.0	
6.585348660332238E-4	0.0	
8.680309077462985E-4	0.0	
0.9605297911514857	1.0	
6.537140198312306E-4	0.0	
0.09659143809253871	1.0	
0.0018495090203677724	0.0	
0.0014222739214931036	0.0	
0.9668167486178614	1.0	
0.0014781462260656736	0.0	
0.10329561177162741	0.0	
7.06660867559253E-4	0.0	
7.463856715219697E-4	0.0	
0.004978123217510365	0.0	
9.639604890702757E-4	0.0	
0.013780653791200047	1.0	
0.0013438855959821657	0.0	
0.0011420394164509886	0.0	
7.203094027633207E-4	0.0	
0.9309915766492306	0.0	
0.7589758718373835	0.0	
0.001421279345524498	1.0	
0.9671157758996908	1.0	
6.583374745120527E-4	0.0	
0.9661435928530354	1.0	
0.07685696626757188	0.0	
0.9125596862846991	1.0	
7.158556964756309E-4	1.0	
8.067060801316559E-4	0.0	
7.051558045569345E-4	0.0	
0.004733278256718239	0.0	
0.001242294341827388	0.0	
0.0010065875203333129	0.0	
6.500756931461958E-4	0.0	
7.186309156094518E-4	0.0	
0.9643426754502071	0.0	
0.4060618903994738	0.0	
0.9623789816895062	0.0	
0.004684960655121803	0.0	
9.726785774999408E-4	0.0	
6.952175750907985E-4	0.0	
0.9660629880375257	1.0	
0.0013953732916361114	0.0	
0.9663661309647167	1.0	
0.0010807486119789357	0.0	
6.67527556417388E-4	0.0	
0.9678524033585869	1.0	
6.630806486699692E-4	0.0	
0.9411456855795743	0.0	
7.259604479627911E-4	0.0	
0.9580419905263803	1.0	
6.501909127719015E-4	0.0	
0.0014401118710762808	0.0	
5.905383653216529E-4	0.0	
7.366795499725404E-4	0.0	
6.218925702865368E-4	0.0	
0.39761355167215656	0.0	
5.98545812364426E-4	0.0	
0.9594044385215383	1.0	
8.44903172717602E-4	0.0	
0.3632815432157348	0.0	
0.12472144774698961	0.0	
0.96277416104774	1.0	
4.873044907554142E-4	0.0	
0.0026456076754072955	0.0	
0.24627859806323288	0.0	
6.963227475648105E-4	0.0	
0.0012223479880201758	0.0	
0.9604201089993407	1.0	
5.026694059956148E-4	0.0	
8.510285610402624E-4	0.0	
4.971371434468146E-4	0.0	
6.698924844107336E-4	0.0	
5.59937015653438E-4	0.0	
9.648613226327199E-4	0.0	
0.0010528629840187696	0.0	
0.939172461716114	1.0	
6.022563166964657E-4	0.0	
0.003986121480568103	0.0	
0.014161498223329396	0.0	
0.38205874372385284	1.0	
4.7147085884869484E-4	0.0	
7.096313920742482E-4	0.0	
0.873484164048504	1.0	
7.867565612222884E-4	0.0	
0.001750938927534713	0.0	
5.438749251420065E-4	0.0	
6.552608602429981E-4	0.0	
4.862640191606074E-4	0.0	
0.93926562769397	1.0	
0.9594044385215383	1.0	
4.727786700370676E-4	0.0	
4.777602429847634E-4	0.0	
0.003289015884321909	0.0	
4.701028454430726E-4	0.0	
4.945944493911012E-4	0.0	
5.422047798649466E-4	0.0	
0.3143040351609843	0.0	
0.0012989121866971982	1.0	
0.002299603578442763	0.0	
5.448018018640903E-4	0.0	
0.6761958211351684	1.0	
0.0011082204526279952	0.0	
4.8732284371090463E-4	0.0	
0.9660452552015846	1.0	
4.761253181946667E-4	0.0	
0.9477175100401002	1.0	
0.055105514387145324	1.0	
0.9609267941081308	1.0	
5.242184282203027E-4	0.0	
0.0026138325421354723	1.0	
0.059835585698608494	0.0	
0.002173673674871059	0.0	
7.053222197164371E-4	0.0	
4.992436747191853E-4	0.0	
0.9598164233285842	1.0	
7.568876169607954E-4	0.0	
0.9621419357303417	1.0	
0.8395719385372528	0.0	
0.93926562769397	1.0	
0.837156462448145	1.0	
7.852711825208133E-4	0.0	
5.308239915870357E-4	0.0	
0.963783621010072	1.0	
5.065330458262591E-4	0.0	
5.184414866363182E-4	0.0	
0.0043808974987293095	1.0	
0.007920245684245267	1.0	
4.948598366410874E-4	0.0	
0.001999197016019162	0.0	
5.943154209984781E-4	0.0	
0.9567804266955334	1.0	
0.9619599144713169	1.0	
0.9582783947081789	0.0	
5.50086916659382E-4	0.0	
0.0010335909847890186	0.0	
0.9666962136898708	1.0	
0.001287774497120645	0.0	
5.300393036896851E-4	0.0	
0.9685306327601735	1.0	
0.9528531459547847	1.0	
5.179028751226179E-4	0.0	
6.083462538933626E-4	0.0	
7.11497252341752E-4	0.0	
7.177915338654946E-4	0.0	
0.9533335060028516	1.0	
0.23032459622658244	1.0	
7.244939670571197E-4	1.0	
0.9662428264990782	1.0	
0.051375164311290154	0.0	
5.268673839864803E-4	0.0	
0.0010402010808472663	0.0	
0.0015679123306524196	0.0	
0.9629499896209799	1.0	
0.0010402010808472663	0.0	
8.255920982374501E-4	0.0	
9.111744974184651E-4	0.0	
6.387039143034075E-4	0.0	
0.0012081029952442424	0.0	
5.723823932513502E-4	0.0	
0.24651607681809806	0.0	
0.9609147436249059	1.0	
9.102702605355722E-4	0.0	
5.855716286913063E-4	0.0	
0.061603747185513515	1.0	
5.109411251756964E-4	0.0	
0.9218066284807125	1.0	
0.1875923012036631	0.0	
5.805960553491691E-4	0.0	
0.8919817860040866	1.0	
6.267474554303433E-4	0.0	
9.507635520977182E-4	0.0	
7.998592859957117E-4	0.0	
4.962324732054943E-4	0.0	
7.231431844608356E-4	0.0	
8.20616199269458E-4	0.0	
0.9664424847567502	1.0	
5.561635891214194E-4	0.0	
8.235032954488514E-4	0.0	
6.941300650608674E-4	0.0	
0.9181044007358085	1.0	
8.365144689354963E-4	0.0	
0.9620628635211543	0.0	
5.20584030291871E-4	0.0	
0.9666962136898708	1.0	
5.145818835523226E-4	0.0	
5.125490600481793E-4	0.0	
0.9683489954377462	1.0	
0.015207727424347985	1.0	
5.716229527572443E-4	0.0	
0.9671679646458754	1.0	
0.9607095893713454	1.0	
0.4696850986272556	1.0	
0.0064914784302410105	0.0	
0.05470065068795343	1.0	
0.9615558966598744	0.0	
8.037577586299517E-4	0.0	
0.0012121294622246999	0.0	
0.3810127662686012	0.0	
0.0012648614942045431	0.0	
8.037577586299517E-4	0.0	
0.9657761902496339	1.0	
0.9673334276037789	1.0	
0.0011420281103597556	0.0	
6.102631054717452E-4	0.0	
8.668295396481138E-4	0.0	
7.581868849757431E-4	1.0	
6.609542006954277E-4	0.0	
0.014196755653592831	0.0	
5.538228781532518E-4	0.0	
0.9717667552035997	1.0	
7.72438444075897E-4	0.0	
4.8804907070715547E-4	0.0	
5.050383525829767E-4	0.0	
5.288171761533406E-4	1.0	
5.85900909215065E-4	0.0	
0.9666598933615915	1.0	
5.616234389520881E-4	0.0	
0.15360001006722498	1.0	
0.10389651371726663	0.0	
5.485718900541604E-4	0.0	
6.779632241141092E-4	0.0	
5.995967377921021E-4	0.0	
0.0019202677015787999	0.0	
5.834420856154155E-4	0.0	
0.14518344621495552	1.0	
6.244222129864489E-4	0.0	
5.79853825157824E-4	0.0	
0.9631196542763543	1.0	
0.0018871369977252503	0.0	
4.895237805229232E-4	0.0	
0.9583244534449483	1.0	
0.016117629495016106	0.0	
0.0026722025724488538	1.0	
0.0015160775422841757	0.0	
9.728737880324715E-4	1.0	
5.30396026336551E-4	0.0	
0.9581300205277775	1.0	
0.0011892508333744434	1.0	
0.002471568496285699	0.0	
0.0018821836702168273	0.0	
4.932562462011446E-4	0.0	
5.218878810283746E-4	0.0	
0.005179678973778472	0.0	
0.0010185622587416427	0.0	
0.001943676050035622	0.0	
0.9669917898588858	1.0	
8.76897710509183E-4	0.0	
6.455848359287353E-4	0.0	
0.0028357423701814537	0.0	
6.97053979329219E-4	0.0	
0.9225011915145498	0.0	
0.003281709061578993	1.0	
0.9568796556141022	1.0	
0.007350894297798805	1.0	
0.831263479636099	1.0	
0.9067657590420146	1.0	
5.623206292660417E-4	0.0	
6.77528536289932E-4	0.0	
0.0011342055230080528	1.0	
5.087329465395899E-4	0.0	
5.468746621146435E-4	0.0	
8.458861300142757E-4	0.0	
8.779849421556759E-4	1.0	
0.9535305739682004	1.0	
8.316208949825799E-4	0.0	
0.9637939875980212	1.0	
0.7205900338298018	1.0	
0.8492821327636534	1.0	
0.9605596573454742	1.0	
7.844879754307264E-4	0.0	
0.9464222471688674	1.0	
7.830367885701674E-4	0.0	
8.018406845647561E-4	0.0	
7.66808568548386E-4	0.0	
5.774275029606554E-4	0.0	
0.8987840774959195	0.0	
5.374056334763971E-4	0.0	
0.9599655952614763	1.0	
6.371078465114399E-4	0.0	
5.679083714370063E-4	0.0	
4.8490994268324765E-4	0.0	
0.5826657864227511	1.0	
0.0011528302763009848	0.0	
0.9580641409262906	1.0	
0.2662083129260166	0.0	
0.0014454745671068768	0.0	
0.9594101476216312	1.0	
5.76159358386274E-4	0.0	
5.412182920883538E-4	0.0	
0.002040625543448979	0.0	
0.00133688192079086	0.0	
4.71637580061444E-4	0.0	
3.4283033414190574E-4	0.0	
0.0017268774010348285	0.0	
0.003822223278022046	0.0	
4.012468729370488E-4	0.0	
0.0014848274499494481	0.0	
0.007967193211249586	1.0	
0.9669975251279316	1.0	
3.5628521935589686E-4	0.0	
3.450179089636036E-4	0.0	
3.525932543483896E-4	0.0	
3.371928696957791E-4	0.0	
3.1842796334250194E-4	0.0	
4.016520229105513E-4	0.0	
3.1842796334250194E-4	0.0	
0.002213159930065965	0.0	
0.9644548718968482	0.0	
6.501770704517044E-4	0.0	
5.517026338752826E-4	0.0	
6.065788896510831E-4	1.0	
6.574061284799061E-4	0.0	
3.417705981808947E-4	1.0	
3.7014676176595236E-4	0.0	
5.072148664336381E-4	0.0	
3.270919774828009E-4	0.0	
0.7871891213444832	1.0	
3.5688858722658987E-4	0.0	
3.8548557677800033E-4	0.0	
3.950580850512177E-4	0.0	
3.20794298708591E-4	0.0	
6.456835800668591E-4	0.0	
3.3614816200934326E-4	0.0	
8.60023461169713E-4	0.0	
0.9603163495846081	1.0	
3.6069473345970806E-4	0.0	
3.6153997391175845E-4	0.0	
0.9651493671939166	1.0	
3.1657875695616195E-4	0.0	
0.003058585993625643	0.0	
3.377794314672729E-4	0.0	
3.4055710995540005E-4	0.0	
3.2534325074024353E-4	0.0	
3.378963662005299E-4	0.0	
3.3759263320915644E-4	0.0	
3.145504165335956E-4	0.0	
3.936022303166793E-4	0.0	
0.96897186604556	1.0	
4.924737565133426E-4	0.0	
6.630621203174325E-4	1.0	
0.9009777945524442	1.0	
0.47151572861221386	1.0	
0.9653147789439445	0.0	
0.709521873524151	0.0	
0.0010420748520040002	0.0	
3.375784543675228E-4	0.0	
3.769941756172673E-4	0.0	
3.1482593084447205E-4	0.0	
6.666094554670383E-4	0.0	
5.00166961509751E-4	0.0	
0.9594795630998767	1.0	
0.030844975115273343	0.0	
5.47161121512966E-4	1.0	
5.600552515137602E-4	0.0	
0.002213159930065965	0.0	
0.9603476682618842	1.0	
4.219252950211229E-4	0.0	
0.0014392772886443936	1.0	
0.014036761192383883	1.0	
0.1417580362174555	1.0	
0.0026338957743851986	0.0	
0.06554479384034491	1.0	
0.9391103052783744	1.0	
0.004048081698849654	0.0	
3.2222769949176384E-4	0.0	
3.270156830107356E-4	0.0	
3.8807141142058497E-4	0.0	
0.005136046913866852	0.0	
0.9519538384118272	1.0	
4.016520229105513E-4	0.0	
3.3736014052606006E-4	0.0	
4.336141557053016E-4	0.0	
4.050273535179333E-4	0.0	
4.7908740585379697E-4	0.0	
4.5764946633829537E-4	0.0	
0.9643445516561084	1.0	
0.054744210036225295	0.0	
0.9627180458297898	1.0	
7.095637437091278E-4	0.0	
0.2409788902433113	0.0	
0.011792393861037802	0.0	
4.10544744017883E-4	0.0	
4.898441199873779E-4	0.0	
0.023551419500323533	0.0	
4.737328540890557E-4	0.0	
0.04929725920853366	1.0	
6.746022728666665E-4	0.0	
0.9618509143921252	0.0	
0.9625740633992518	1.0	
5.784646297501646E-4	0.0	
0.016246265698125383	1.0	
7.503455507448308E-4	0.0	
4.492336646714328E-4	0.0	
0.06435895827903663	1.0	
0.9669209910242429	1.0	
6.416442892498941E-4	0.0	
4.354031673391153E-4	0.0	
0.8367337665636368	0.0	
6.227602870154012E-4	0.0	
0.9586817177462765	1.0	
0.3394306606777443	1.0	
0.002596157200072774	1.0	
0.9217835378437638	0.0	
0.0019889100022464157	0.0	
5.241799480778258E-4	0.0	
5.392780144379522E-4	0.0	
3.9590055739839277E-4	0.0	
4.012155101347809E-4	0.0	
0.9293070852935292	0.0	
0.001121786072937541	0.0	
0.01963921458458448	1.0	
0.9244560141896327	0.0	
0.9608824776329039	1.0	
0.9636975912659423	1.0	
7.232028865904958E-4	0.0	
5.051358117820428E-4	0.0	
5.262687001268243E-4	0.0	
0.09382028400525613	0.0	
0.0037838900641755766	0.0	
0.9669790407651127	1.0	
0.9432212408314904	1.0	
0.9525414482508524	1.0	
0.0021480695512571995	0.0	
0.0029998219638382763	0.0	
6.746022728666665E-4	0.0	
0.0027900060087202513	0.0	
0.9579214548348118	1.0	
0.011401095935028503	0.0	
0.01504408390643056	0.0	
7.415852914246068E-4	0.0	
5.538129991267782E-4	0.0	
6.075270944470882E-4	0.0	
0.06816113673464791	0.0	
0.05433767880280732	0.0	
4.2913737936473066E-4	0.0	
0.0031430052776274236	1.0	
0.7538535451154109	0.0	
0.25484636041300474	1.0	
0.0012977513738570616	0.0	
4.52637811164559E-4	0.0	
4.281419592245628E-4	0.0	
0.9639871042142765	1.0	
4.7106153306554607E-4	0.0	
0.21434852959605058	0.0	
0.9264927817546752	0.0	
0.0011306935995911039	0.0	
0.9631482406693114	0.0	
0.4078964959217452	1.0	
0.9571854098483402	1.0	
0.0010665869470059407	0.0	
5.812578417701599E-4	0.0	
7.907058564207845E-4	0.0	
0.9586966872532636	1.0	
0.0014237195826051535	1.0	
3.196182691173175E-4	0.0	
0.9620515938629056	0.0	
3.2291209058049597E-4	0.0	
0.9106017953220698	1.0	
0.6605522110953448	0.0	
3.372643684844889E-4	0.0	
3.2981380079921837E-4	0.0	
3.644397031582747E-4	0.0	
0.0014709490194400332	0.0	
3.461914335675266E-4	0.0	
4.686645291716953E-4	0.0	
3.533303405172933E-4	0.0	
3.6009828043828646E-4	0.0	
3.994211363704845E-4	0.0	
4.5634239972138803E-4	0.0	
0.9708229400209175	1.0	
0.002575579010412308	0.0	
4.4125159091197715E-4	0.0	
0.9558359542147848	0.0	
0.21221360198407568	0.0	
0.9601925076288809	0.0	
0.9691172568922688	1.0	
0.1008926209445341	0.0	
0.960564490536554	0.0	
0.002207614796818935	0.0	
0.9690400622249457	1.0	
0.5744766276689142	1.0	
7.706105261444051E-4	0.0	
7.984596557458678E-4	0.0	
3.286890889488707E-4	0.0	
0.9666295963205125	1.0	
3.747967982486553E-4	0.0	
0.9635423071651615	1.0	
4.055087812798635E-4	0.0	
0.963721979823902	1.0	
0.9635423071651615	1.0	
0.9566541626647829	1.0	
0.9607577552926732	1.0	
9.82543000209949E-4	1.0	
0.005959881305756409	1.0	
0.9680604633205184	1.0	
3.3618361011514064E-4	0.0	
0.0024822444303918014	0.0	
3.3909642184929215E-4	0.0	
3.423571802469138E-4	0.0	
0.9609639813341802	1.0	
4.954172043621465E-4	1.0	
0.9680799971631647	1.0	
0.8917062892491613	1.0	
7.366823198125277E-4	0.0	
0.3114357675088497	1.0	
3.2857455530618123E-4	0.0	
3.365239726442776E-4	0.0	
3.3618361011514064E-4	0.0	
6.782097490919323E-4	0.0	
3.6181008287573205E-4	0.0	
3.184192209568856E-4	0.0	
5.485729388990854E-4	0.0	
5.760927756631197E-4	0.0	
3.551728423543661E-4	1.0	
4.759357009910593E-4	0.0	
0.963208816031714	0.0	
0.886881606295823	0.0	
0.9636749666934165	1.0	
0.001429802672448998	0.0	
9.75375413095971E-4	0.0	
0.4084329392213116	1.0	
0.17510178799026116	0.0	
3.353098540665944E-4	0.0	
0.5162872723120338	0.0	
0.9653648621882012	1.0	
0.9666295963205125	1.0	
4.855966812966945E-4	0.0	
0.9601985891334356	0.0	
3.656538388235042E-4	0.0	
4.375182303724417E-4	0.0	
4.4306347033936587E-4	0.0	
0.9603444217846752	1.0	
4.417366677981951E-4	0.0	
3.763775119452988E-4	0.0	
0.5284273619635972	0.0	
4.266417252833143E-4	0.0	
3.7808560255011046E-4	0.0	
0.9505018981834242	1.0	
9.484237502246186E-4	0.0	
0.957899068149956	1.0	
0.9196114165891177	0.0	
4.2210390355908823E-4	0.0	
3.876471630274161E-4	0.0	
0.9596324857859476	1.0	
0.3957932588568323	0.0	
0.0029317625713751647	0.0	
0.9621568165037112	1.0	
3.818220217940782E-4	0.0	
0.9503154616544871	1.0	
0.9102089311336812	0.0	
5.453810270525253E-4	0.0	
7.512929057988641E-4	0.0	
0.0012337015399299706	0.0	
3.9787469701757803E-4	0.0	
8.042330931268386E-4	0.0	
0.0014288955213773652	0.0	
4.607736636740191E-4	0.0	
0.0017710753350332431	0.0	
5.695335491700958E-4	0.0	
4.285493910921086E-4	0.0	
8.724194869023384E-4	0.0	
0.8209291391091552	1.0	
0.962651280550149	1.0	
4.2761134843095043E-4	0.0	
5.984892611239043E-4	0.0	
0.8069554239662616	0.0	
0.05324323082054435	1.0	
0.012584548022667466	1.0	
0.9537835429033531	1.0	
0.003186673881522933	1.0	
0.9604266699597046	1.0	
0.7696811766723106	1.0	
5.313994123982484E-4	0.0	
0.9603645731522247	1.0	
3.89409519036609E-4	0.0	
0.009029375049097094	0.0	
4.7704064010905113E-4	0.0	
0.812929814006909	1.0	
0.04641665783140807	1.0	
0.0010183495508996393	0.0	
7.18606304367398E-4	0.0	
0.0020029384627239352	0.0	
0.9415147678960394	1.0	
0.5547471043680028	0.0	
5.575958633038028E-4	0.0	
0.26146222276847925	0.0	
0.5857744065836968	1.0	
4.113046448178718E-4	1.0	
6.255904762869016E-4	0.0	
8.356577110822201E-4	1.0	
0.8953737310610204	1.0	
5.695335491700958E-4	0.0	
3.8142810538342525E-4	0.0	
6.539941903073924E-4	0.0	
3.7800959194843667E-4	0.0	
6.601052493498022E-4	0.0	
3.9230598525055363E-4	0.0	
7.818580813211475E-4	0.0	
8.941588103840972E-4	0.0	
6.613028395029482E-4	0.0	
5.333544870400816E-4	0.0	
3.9549864198708696E-4	0.0	
0.7568859054468918	1.0	
5.431266633498016E-4	0.0	
0.9574204184225789	1.0	
7.223556504387925E-4	0.0	
5.83776036624163E-4	0.0	
3.863258616102337E-4	0.0	
5.031082413440894E-4	0.0	
4.588727109969939E-4	0.0	
4.3084037746398237E-4	0.0	
6.922608843626817E-4	0.0	
0.8684726856985555	1.0	
3.989894193061183E-4	0.0	
0.006377684737586952	0.0	
5.49931915261506E-4	0.0	
4.124170082335036E-4	0.0	
0.8733720392119392	0.0	
4.1119369684889106E-4	0.0	
5.7991525985748E-4	0.0	
0.9472941943066862	0.0	
5.447654245037018E-4	0.0	
7.76834457557775E-4	0.0	
4.5745738803855147E-4	0.0	
0.22428968597704446	0.0	
0.4129208777543162	0.0	
0.9604950521297324	1.0	
0.8014750044854599	1.0	
0.28841042411283874	0.0	
5.859938566517919E-4	0.0	
0.9191968965698382	1.0	
0.032020033390008015	0.0	
0.001075332617677621	0.0	
5.134841065912508E-4	0.0	
0.964868832787075	1.0	
7.487396169351605E-4	1.0	
0.13580151336260504	0.0	
3.989894193061183E-4	0.0	
0.0246548310225795	1.0	
0.00112100503267774	0.0	
0.9615257992853482	1.0	
4.996527276985083E-4	0.0	
5.312827211248386E-4	0.0	
0.9626692644842336	1.0	
7.14380451307848E-4	0.0	
4.907265897198678E-4	0.0	
4.120537012866907E-4	0.0	
4.088923084425729E-4	0.0	
4.7960761088492316E-4	0.0	
0.013110027272395576	0.0	
0.9115690983312585	0.0	
4.777623738519047E-4	0.0	
0.9554318349036501	1.0	
5.023470573605035E-4	0.0	
7.172697472913903E-4	0.0	
0.001638972597482459	0.0	
0.9653856548252998	1.0	
8.301481180009202E-4	0.0	
4.1612912803872334E-4	0.0	
6.603234832180958E-4	0.0	
0.0022193590064644476	0.0	
4.269262926094824E-4	0.0	
0.001597346160960525	0.0	
4.030136603156999E-4	0.0	
4.002452714149289E-4	0.0	
4.1279105541716063E-4	0.0	
6.707440092098346E-4	0.0	
4.138954820841931E-4	0.0	
5.201348168412775E-4	1.0	
5.418971722948025E-4	0.0	
0.0013041050876063016	0.0	
4.980473143825732E-4	0.0	
4.996354802828687E-4	0.0	
0.8092717596402925	1.0	
0.0010419542113679664	0.0	
8.304610668369189E-4	0.0	
4.1722728110466065E-4	0.0	
0.001955971434941184	0.0	
4.666827879597453E-4	1.0	
5.644680928115105E-4	0.0	
0.0024550643887055134	0.0	
4.394971102678465E-4	0.0	
0.08324864802015815	0.0	
8.650802613872787E-4	0.0	
0.964562349006538	1.0	
6.954509728607248E-4	0.0	
5.859487132757955E-4	0.0	
8.696817733134774E-4	1.0	
0.0029011884822634057	0.0	
4.254348014999589E-4	0.0	
6.141432802414536E-4	0.0	
3.575557218476111E-4	0.0	
4.0024966337502536E-4	0.0	
6.040201708758786E-4	0.0	
4.019885116978177E-4	0.0	
3.4663281770698105E-4	0.0	
0.001014122335760134	0.0	
0.07526578792297291	0.0	
5.643151926985618E-4	0.0	
0.005136937051002386	1.0	
0.9692451300501611	0.0	
3.5722406189586344E-4	0.0	
4.372227427944077E-4	0.0	
3.688622026902242E-4	0.0	
9.672883964668545E-4	0.0	
4.650052641894592E-4	0.0	
3.743746549918808E-4	0.0	
4.607391429338789E-4	0.0	
3.981775091535463E-4	0.0	
9.455290905384314E-4	0.0	
3.975902377934009E-4	0.0	
0.019498887195328083	1.0	
0.002562093036531821	0.0	
6.618535119272184E-4	0.0	
5.27818449613755E-4	0.0	
0.9696305489003463	1.0	
5.003607753782975E-4	0.0	
0.9611854332128461	1.0	
8.421509673990862E-4	1.0	
5.315962215469058E-4	1.0	
6.067216381258186E-4	0.0	
0.026297139510777588	0.0	
0.031544952861560595	1.0	
3.4663281770698105E-4	0.0	
0.004747546056373059	1.0	
6.668436222637376E-4	0.0	
4.018794982050275E-4	0.0	
5.303967474651355E-4	0.0	
5.242287608255008E-4	0.0	
0.9677793166849256	1.0	
6.40627611410509E-4	1.0	
0.04325713571126412	0.0	
0.9615732572251569	1.0	
6.596378149163555E-4	0.0	
4.5189870914325725E-4	0.0	
0.006523884184470354	0.0	
6.079279389190027E-4	0.0	
0.9700212188063919	1.0	
0.5635136344937236	0.0	
6.14183614356E-4	0.0	
5.022308143383428E-4	0.0	
0.9164554641809932	0.0	
4.3286881048601764E-4	0.0	
4.32636236429922E-4	0.0	
0.9643626590983527	1.0	
0.9645969862461977	1.0	
0.9692451300501611	1.0	
0.8012843833301706	1.0	
0.0014517564438692604	0.0	
0.031544952861560595	0.0	
0.8732853478759461	1.0	
7.432621923963286E-4	0.0	
3.813152388584407E-4	0.0	
3.6003298531143486E-4	0.0	
0.7842376806655593	0.0	
5.658424521340313E-4	0.0	
0.7924715602140036	1.0	
0.9677763748621308	1.0	
3.798953267294054E-4	0.0	
0.9623536414062372	1.0	
5.947458026722903E-4	0.0	
4.88785183510365E-4	0.0	
0.008129004781697868	1.0	
0.003275899995234138	1.0	
0.003526913523526406	0.0	
0.96653272288116	1.0	
0.8298007122043498	1.0	
4.921078756979656E-4	0.0	
0.9448526871937412	0.0	
9.672883964668545E-4	0.0	
4.8612672526067115E-4	0.0	
0.9626013943092586	1.0	
5.801359730401841E-4	0.0	
0.9642570860542273	1.0	
4.5737697140340314E-4	0.0	
4.4686083417727846E-4	0.0	
9.741442512756471E-4	1.0	
5.838672590515024E-4	0.0	
7.251524244225341E-4	0.0	
4.323428104597194E-4	0.0	
0.787560602097676	1.0	
5.74934736976843E-4	0.0	
0.9604473489222405	1.0	
9.949775538861763E-4	0.0	
0.9011678187525886	1.0	
4.7647732922618266E-4	0.0	
0.9535979338205296	0.0	
6.049719823617846E-4	0.0	
4.006152940379753E-4	0.0	
0.843480181266686	0.0	
0.9658250295222076	1.0	
0.7573575945500447	1.0	
0.9605945539742742	1.0	
4.527837737120346E-4	0.0	
5.868466017352946E-4	0.0	
0.5463528617323203	0.0	
0.9401583364291113	1.0	
0.003142500846815203	1.0	
5.944272298671756E-4	0.0	
7.759195346146976E-4	0.0	
7.757820798631626E-4	0.0	
0.002923646947357844	0.0	
4.0410406306653964E-4	0.0	
4.173820543727383E-4	0.0	
0.00325549804704638	0.0	
0.0013730334799144889	0.0	
0.007143800971249424	0.0	
4.106025665136088E-4	0.0	
0.958125230306814	1.0	
4.5047463002997445E-4	0.0	
0.16292549287739652	1.0	
4.130136995156398E-4	0.0	
0.9578648631834098	1.0	
0.001656488494384612	0.0	
4.7216967113430475E-4	0.0	
4.946454423283515E-4	1.0	
4.269714543239426E-4	0.0	
6.513484962752457E-4	1.0	
5.337702683441928E-4	0.0	
6.921200107117738E-4	0.0	
6.922365276544886E-4	0.0	
4.106025665136088E-4	0.0	
0.9636790366206149	1.0	
0.06222982209996579	0.0	
0.9251278156820066	0.0	
0.32210160904192675	1.0	
4.628821587182131E-4	0.0	
4.5494808887208124E-4	0.0	
4.3884304066331566E-4	0.0	
0.30859438459149563	0.0	
0.9602862840087587	1.0	
6.436769880481752E-4	0.0	
5.149676900156098E-4	1.0	
4.973858040591152E-4	0.0	
0.05200028836212854	1.0	
0.9643975743839078	1.0	
3.830175803703432E-4	0.0	
0.007388670797925783	0.0	
3.9797330361289744E-4	0.0	
8.536251623636892E-4	0.0	
6.593065877150114E-4	0.0	
6.651968449717333E-4	0.0	
0.9062058319875533	0.0	
0.0018186359360228823	0.0	
0.9607271417620158	1.0	
4.888620978486277E-4	0.0	
5.202800785671734E-4	0.0	
5.104592231274221E-4	0.0	
0.8342405784086442	1.0	
4.4760513830759477E-4	0.0	
0.9651380348000728	1.0	
8.338465696695832E-4	1.0	
6.350761626878704E-4	0.0	
4.312355976802249E-4	0.0	
0.9656174412100131	0.0	
0.006912498425574885	0.0	
0.9026655157039429	1.0	
7.289670575799442E-4	0.0	
0.14455192868207817	0.0	
7.854278756243011E-4	0.0	
6.147035117242181E-4	0.0	
6.058169265294826E-4	1.0	
5.827409545378501E-4	0.0	
4.2284067625141783E-4	0.0	
0.5752017190080627	1.0	
0.9679937559648123	1.0	
0.9648910725592509	1.0	
4.5925448620640416E-4	0.0	
0.9563004797195568	1.0	
5.65790177767632E-4	0.0	
5.375762565607367E-4	0.0	
7.524024710218766E-4	0.0	
8.853590026964584E-4	0.0	
4.7267901538053695E-4	0.0	
4.2284067625141783E-4	0.0	
5.928204109379511E-4	0.0	
4.75357720890065E-4	0.0	
5.599333166611619E-4	0.0	
0.019064604326191368	1.0	
4.887311051337988E-4	0.0	
4.731453220879366E-4	0.0	
4.186923960238677E-4	0.0	
0.04254218042143313	0.0	
0.0011700941254523555	0.0	
0.9605795282513458	1.0	
0.8745895672680788	0.0	
5.10576449748954E-4	0.0	
5.391454642175279E-4	0.0	
0.0060807504146994495	0.0	
4.3935051160624405E-4	0.0	
5.585069480635501E-4	0.0	
0.01236974294925177	0.0	
4.787676660227202E-4	0.0	
8.60372088066766E-4	0.0	
4.7099639499768316E-4	0.0	
0.9621026359839568	0.0	
0.002502492595647861	0.0	
0.9493510358788818	0.0	
6.516639466797827E-4	0.0	
5.079943445902182E-4	0.0	
0.9670453634312856	1.0	
8.79688126486264E-4	0.0	
4.334535130406982E-4	0.0	
8.060414737146054E-4	0.0	
4.6323942364648703E-4	0.0	
0.965704695543738	1.0	
0.01120177003642548	1.0	
8.041829099706399E-4	0.0	
4.66650479470538E-4	0.0	
4.1603280008346047E-4	0.0	
0.41085910170050133	0.0	
0.011199683104712175	0.0	
4.2284067625141783E-4	0.0	
0.13284729010367383	0.0	
8.477846824584099E-4	0.0	
0.001378801768709066	0.0	
6.25188201730677E-4	0.0	
4.459148751944863E-4	0.0	
4.860903230084609E-4	0.0	
0.0032246211732246594	0.0	
5.729391041109752E-4	0.0	
0.0012126263379535862	0.0	
0.0012507626418157855	1.0	
9.380114954784427E-4	0.0	
0.019064604326191368	0.0	
0.8834169320138329	1.0	
4.8577358958112513E-4	0.0	
0.00531091794297243	0.0	
0.004863841781755121	1.0	
0.9103977156885048	1.0	
0.0015971076899584493	0.0	
0.9426257809800288	1.0	
0.9639948078513271	1.0	
6.169531001310712E-4	0.0	
0.9633892943834497	1.0	
3.3672446069616914E-4	1.0	
3.755209054673089E-4	0.0	
9.99593733523899E-4	0.0	
6.27365236511909E-4	0.0	
7.419148139304894E-4	0.0	
0.037397968574014784	0.0	
0.959190906296953	1.0	
0.4292943958829607	1.0	
0.9186565487453515	0.0	
3.805895158085721E-4	0.0	
3.6770117350377093E-4	0.0	
0.27016165996005737	1.0	
5.089590017479389E-4	0.0	
4.753784495564547E-4	0.0	
7.363043103337934E-4	0.0	
3.415136192723612E-4	0.0	
0.9654167169114936	1.0	
4.965352799612814E-4	0.0	
0.19251096706520396	0.0	
3.448351544921365E-4	0.0	
7.39721232360285E-4	0.0	
0.9649809516265105	1.0	
3.791744530326315E-4	0.0	
3.8854379275751977E-4	0.0	
6.56287971785454E-4	0.0	
4.588073743928334E-4	0.0	
4.95760875429095E-4	0.0	
0.9398925762362724	1.0	
5.450526290075135E-4	0.0	
3.608649595034142E-4	0.0	
0.9618817000062252	1.0	
3.358506624753277E-4	0.0	
3.960052317686018E-4	0.0	
0.016326358851157005	0.0	
0.9653564191624762	1.0	
3.3094311936026033E-4	0.0	
3.3882580675910034E-4	0.0	
6.183229402204253E-4	0.0	
0.9691084386126766	1.0	
0.6474755687024685	0.0	
0.9108181684453521	1.0	
3.631614097050754E-4	1.0	
7.288972795101857E-4	0.0	
0.0038101687682292494	0.0	
0.0012394098423789488	0.0	
0.9647771136096328	1.0	
0.0045136696922854665	0.0	
4.327498160284578E-4	0.0	
0.00539261686273644	0.0	
5.124903924683258E-4	0.0	
3.3283610538523443E-4	0.0	
0.0015644824683921856	0.0	
3.4844295294769875E-4	0.0	
3.8613327404680953E-4	0.0	
0.024331052659325284	0.0	
4.5378505697388194E-4	0.0	
3.6912862126278474E-4	0.0	
0.8491430671533492	0.0	
5.436168576829894E-4	0.0	
5.172998339439425E-4	0.0	
4.0674238139787875E-4	0.0	
7.196270059694986E-4	0.0	
3.3283610538523443E-4	0.0	
3.4285048930484546E-4	0.0	
0.06186096707893894	0.0	
3.3182990270162597E-4	0.0	
0.9590005235233319	1.0	
6.928624502285014E-4	1.0	
7.059349877636643E-4	0.0	
0.28798003125359695	0.0	
3.3689716739669287E-4	0.0	
5.409706428663713E-4	0.0	
0.0012394098423789488	0.0	
6.446216934631383E-4	0.0	
0.8971208543723929	1.0	
3.7066304749218805E-4	0.0	
8.052553891584277E-4	0.0	
5.733057754672549E-4	0.0	
7.458448441663852E-4	0.0	
0.961784576161502	1.0	
4.649416936421767E-4	0.0	
4.376043768401337E-4	0.0	
0.9674211113234132	0.0	
5.036459444835639E-4	0.0	
0.8218277241891101	1.0	
4.388412031596536E-4	0.0	
6.691482176268874E-4	0.0	
7.785336479371187E-4	0.0	
7.643915236837225E-4	0.0	
9.42898028312347E-4	0.0	
5.083707176306272E-4	0.0	
9.86887976783016E-4	0.0	
4.5149961391827446E-4	0.0	
4.5029083544618825E-4	0.0	
5.946111333858124E-4	0.0	
0.0012820075587673641	0.0	
7.182095278258811E-4	0.0	
9.567300100008712E-4	0.0	
0.9618069654459276	1.0	
5.387243079958134E-4	0.0	
4.5551771406939244E-4	0.0	
5.757837058929603E-4	1.0	
0.9674211113234132	1.0	
0.9630259277988963	1.0	
4.566404930090985E-4	0.0	
4.7322695807268665E-4	0.0	
5.52359157825324E-4	0.0	
0.9622290763629413	1.0	
4.5675787510555927E-4	0.0	
0.9504405120421103	1.0	
0.9608901963016043	0.0	
4.617379474105734E-4	0.0	
4.614839777425518E-4	0.0	
0.021605993247883624	0.0	
0.0014539190755481282	0.0	
0.9640239245823644	0.0	
5.330496919008524E-4	0.0	
0.1510690639879218	1.0	
4.466892223060358E-4	0.0	
7.857618220603519E-4	0.0	
0.019138777261641815	0.0	
0.001717786545291881	0.0	
5.036459444835639E-4	0.0	
0.9681964875656296	1.0	
0.8631028476949164	1.0	
0.0010941599872941476	1.0	
0.02312478463798066	0.0	
0.001684117304057515	0.0	
5.576400989208876E-4	0.0	
5.139861614142339E-4	0.0	
4.4442863556179484E-4	0.0	
0.006109986392812075	1.0	
0.0010135143868729398	0.0	
0.003952133310549718	0.0	
5.330496919008524E-4	0.0	
7.79069462050454E-4	0.0	
0.08982994771253286	0.0	
0.0015682583847232336	0.0	
4.7589814045913E-4	0.0	
7.323507315629689E-4	0.0	
0.9077427268376543	1.0	
4.600582670902722E-4	0.0	
4.534166642941075E-4	0.0	
5.49364604953013E-4	0.0	
0.9665631442726257	1.0	
0.9450330984353117	0.0	
0.011223033293635155	1.0	
5.901496750687996E-4	0.0	
5.37931813789656E-4	0.0	
0.9653264893099085	1.0	
5.946111333858124E-4	0.0	
5.782594371387059E-4	0.0	
4.931787176429034E-4	0.0	
4.900010179116121E-4	0.0	
8.112075932584245E-4	0.0	
5.438628637502882E-4	0.0	
4.508986377443558E-4	0.0	
3.9085194919203406E-4	0.0	
0.002355016330442123	0.0	
6.135857683853787E-4	0.0	
0.8290262397552177	1.0	
4.890693011963996E-4	0.0	
0.0012317738013205297	0.0	
0.9528624347336488	1.0	
0.9630467432515631	1.0	
3.780446496418944E-4	0.0	
6.680201876382219E-4	1.0	
0.0334680878170058	0.0	
8.017577706921106E-4	0.0	
0.8936189206167245	1.0	
5.796013848042694E-4	0.0	
3.872501813316276E-4	0.0	
0.9560083043807532	0.0	
4.0887613848773763E-4	0.0	
0.004348432324451948	0.0	
0.5098021525080824	0.0	
9.384075539364434E-4	0.0	
0.0025051119675972835	0.0	
0.88492177038798	1.0	
0.961511112747734	1.0	
0.2545146478238809	0.0	
0.0017576959084001729	0.0	
4.6127100878016244E-4	0.0	
6.307935676128006E-4	0.0	
0.0012074611352998117	0.0	
5.675142935458905E-4	0.0	
9.041765753950903E-4	0.0	
3.973238940251642E-4	0.0	
8.324644943994257E-4	0.0	
6.559301422769346E-4	0.0	
0.5148108644539005	0.0	
0.15591271549241945	1.0	
0.00127661616256207	0.0	
0.0012004178984010463	1.0	
4.024407657093375E-4	0.0	
0.0011245955512582772	1.0	
5.819408123523818E-4	0.0	
7.952812364214048E-4	0.0	
3.822837233065111E-4	0.0	
4.0255299797297496E-4	0.0	
7.222710548957195E-4	0.0	
0.0038437015011953727	0.0	
0.0013845628885722121	0.0	
7.340451959635957E-4	0.0	
7.222710548957195E-4	0.0	
0.0010267710348537036	0.0	
4.6518036632903475E-4	0.0	
5.015792433987905E-4	0.0	
0.9580685725903225	1.0	
4.0919338779375286E-4	0.0	
7.028082598570934E-4	0.0	
4.53363974435835E-4	0.0	
0.9627885701830305	1.0	
0.9602284587056087	1.0	
0.05976153509702936	0.0	
0.0030981468975407166	0.0	
5.974820691158904E-4	0.0	
0.9602284587056087	1.0	
0.11191515645475265	1.0	
5.490443469475909E-4	0.0	
0.5530330553727892	0.0	
0.9591888098143825	1.0	
8.92987383763728E-4	0.0	
4.690461898889685E-4	0.0	
3.860163668098292E-4	0.0	
0.9298759830467372	1.0	
4.2829211699420923E-4	0.0	
0.9542104712407764	1.0	
0.9614770948965036	1.0	
0.21576012973841638	1.0	
3.850877570661378E-4	0.0	
0.007143472969680428	0.0	
3.970822649418256E-4	0.0	
4.427609104292027E-4	0.0	
0.9624604456452297	1.0	
0.04653739447467693	0.0	
7.624751608244421E-4	0.0	
0.9561851996788175	1.0	
0.0015275803245165648	0.0	
8.221871779380655E-4	0.0	
0.9633920417265291	1.0	
6.34410246640312E-4	0.0	
0.0015125130537380516	0.0	
0.866523308904312	1.0	
6.001051797933715E-4	0.0	
0.005842133407642552	0.0	
6.172969688469335E-4	0.0	
0.0015125130537380516	0.0	
5.717231786008187E-4	0.0	
6.10756659275393E-4	0.0	
0.0012909695993038805	0.0	
6.872464503951852E-4	0.0	
8.668803126720417E-4	0.0	
6.302349559519921E-4	0.0	
0.919251093219504	0.0	
0.005842133407642552	0.0	
0.036191502201562316	0.0	
5.745792341050885E-4	0.0	
6.476813859720802E-4	0.0	
0.9674455149233292	1.0	
0.0015481935864360289	1.0	
0.0010800110695809667	1.0	
0.9484304674952055	1.0	
0.9605431812372539	1.0	
0.0010461758863071174	0.0	
0.011637462882407605	0.0	
5.70619565570265E-4	0.0	
0.029446761038696805	1.0	
7.577214975864437E-4	0.0	
6.729376060453021E-4	0.0	
0.1529747693292006	0.0	
0.03408367822285802	0.0	
0.0015125130537380516	0.0	
8.453710572676892E-4	0.0	
0.0010702563904060759	0.0	
9.071846194421753E-4	0.0	
0.9645090111474355	1.0	
0.001067916947417473	0.0	
7.342307885569053E-4	0.0	
8.116674482372838E-4	0.0	
0.9568151874382361	1.0	
0.0022581895980303716	0.0	
6.924599279854782E-4	1.0	
0.0015037835872309727	0.0	
0.02023645971026192	0.0	
5.667901984631656E-4	0.0	
0.5779540773780489	0.0	
0.0015566902414130652	0.0	
5.827582387353179E-4	0.0	
0.0012888923577262313	0.0	
5.706968676037175E-4	0.0	
0.9513961554107437	1.0	
5.875075351222967E-4	0.0	
6.065920383541434E-4	0.0	
0.06250409382487913	0.0	
9.943855010772697E-4	0.0	
9.546066243334788E-4	0.0	
5.631093134537619E-4	0.0	
0.9646228458073264	1.0	
0.0011042312687722458	1.0	
6.083386719060142E-4	0.0	
6.421392291490255E-4	0.0	
6.900332464071825E-4	0.0	
6.758250815444892E-4	0.0	
6.220672419423184E-4	0.0	
0.909434349492637	1.0	
0.0012907931709566802	0.0	
9.359908597559285E-4	0.0	
0.9623720326632335	1.0	
5.680631201349569E-4	0.0	
0.7839133389591924	1.0	
6.274983836402521E-4	0.0	
0.9425359846085909	1.0	
8.582037061476348E-4	0.0	
6.2975376561897E-4	0.0	
7.194709830327212E-4	0.0	
0.026065056645484173	0.0	
3.905019362285249E-4	0.0	
0.007503069505561105	0.0	
8.651639479427507E-4	0.0	
4.093347705322937E-4	0.0	
3.899349829635762E-4	0.0	
7.342588850618266E-4	0.0	
5.783795946491403E-4	0.0	
4.8803780031264567E-4	0.0	
0.014613371767430295	1.0	
4.471488951733677E-4	0.0	
5.20259005209642E-4	0.0	
3.8394040338188154E-4	0.0	
4.25893293228452E-4	1.0	
0.0014165666181854455	0.0	
0.9650272134867491	1.0	
5.159042233979425E-4	0.0	
4.6474797329701227E-4	0.0	
4.594262162252559E-4	0.0	
0.0015007054990274196	0.0	
0.9674829354800818	1.0	
0.001792938749695934	0.0	
0.046976082458681144	1.0	
4.98517055560793E-4	0.0	
0.9666525098189047	0.0	
0.3556498334354917	1.0	
6.720049751435779E-4	0.0	
0.968148977243658	1.0	
4.933056652962713E-4	0.0	
8.629862729688886E-4	0.0	
0.0023015111897100727	0.0	
0.002109241923853108	0.0	
4.5623210537702296E-4	0.0	
0.6052295873810328	0.0	
4.7655510463756996E-4	0.0	
0.07197601126264369	0.0	
3.989327879996506E-4	0.0	
4.884281059623034E-4	0.0	
0.015762922573701998	0.0	
0.964031951146253	1.0	
8.975300862150835E-4	0.0	
5.315984272923326E-4	0.0	
3.9893353379119004E-4	0.0	
6.442527982147717E-4	0.0	
0.02587608673790956	0.0	
7.726803206565577E-4	0.0	
4.0313790770374705E-4	0.0	
4.030675260636469E-4	0.0	
4.5623210537702296E-4	0.0	
0.013331126513288908	1.0	
4.00274455914832E-4	0.0	
4.99250924917797E-4	1.0	
0.005739782213784083	0.0	
0.9444334521350398	0.0	
8.90763859755982E-4	0.0	
4.860938765263055E-4	0.0	
4.4951648035105197E-4	0.0	
6.861536913459617E-4	1.0	
0.9453960349087125	0.0	
0.9675215334363296	1.0	
0.9205261533035775	1.0	
4.892592455400581E-4	0.0	
0.1429026968202804	1.0	
0.9574904966985938	1.0	
0.964031951146253	1.0	
3.854459169213865E-4	0.0	
0.1387321256150327	0.0	
4.7655510463756996E-4	0.0	
7.314853993214687E-4	0.0	
9.822947468134135E-4	0.0	
0.9602368437988206	0.0	
0.0019144112751681523	0.0	
4.0551281875984027E-4	0.0	
0.9576479178877048	1.0	
7.95305421506043E-4	1.0	
0.0010177753513397395	0.0	
3.839995430841108E-4	0.0	
5.030830827280987E-4	0.0	
0.001357774505838485	0.0	
9.716534509158114E-4	0.0	
0.5982113561473387	0.0	
9.559489992854183E-4	0.0	
0.07170110733404418	1.0	
0.9586473668545961	1.0	
4.3573971740865303E-4	0.0	
4.045006325400785E-4	1.0	
0.010557118078456362	1.0	
0.30862646383173603	1.0	
0.0011635436791747123	0.0	
3.777100610889667E-4	0.0	
4.0753932677833166E-4	0.0	
5.123872068655135E-4	0.0	
4.1068411365015653E-4	0.0	
6.611996833039059E-4	0.0	
0.23395208304166623	0.0	
0.024654238397917642	0.0	
4.0427945207403403E-4	0.0	
3.7317359935520655E-4	0.0	
0.41940803318951186	1.0	
0.9572265736672878	1.0	
0.0010459357610732476	0.0	
3.676327615206787E-4	0.0	
5.57645800672842E-4	0.0	
4.200671456912664E-4	0.0	
0.003840964528340821	1.0	
4.024795614389927E-4	0.0	
5.325373203642682E-4	0.0	
4.972639719055249E-4	0.0	
4.489282125225634E-4	0.0	
6.621243633358197E-4	0.0	
3.629743186479645E-4	0.0	
8.922279448226738E-4	1.0	
0.0033366267100006	0.0	
0.9586473668545961	1.0	
4.664362744626649E-4	0.0	
0.0010351625985535568	0.0	
4.6001180027438465E-4	0.0	
7.325637862451475E-4	0.0	
0.6986819284376232	1.0	
4.503554149458532E-4	0.0	
0.0016653629237635256	0.0	
4.1878781280623286E-4	0.0	
0.0010351625985535568	0.0	
5.23022268240467E-4	0.0	
4.961211018764785E-4	0.0	
8.16123783014544E-4	1.0	
8.847145086730325E-4	0.0	
5.110384691577887E-4	0.0	
0.9644867133418481	1.0	
0.10585367407591861	1.0	
0.9683647272421085	0.0	
7.025724535442832E-4	0.0	
0.005440536642578657	0.0	
0.9547413665866812	1.0	
5.413177035700791E-4	0.0	
5.266957482008522E-4	0.0	
0.9150171150893139	1.0	
0.942698513507544	0.0	
5.498246323318679E-4	1.0	
4.0166111297265477E-4	0.0	
9.167132345189457E-4	0.0	
5.418449064234714E-4	0.0	
0.9660819803688243	1.0	
0.21169869845628214	1.0	
0.9618136598989063	1.0	
4.8119609084241126E-4	0.0	
0.9660819803688243	1.0	
4.242366588121175E-4	0.0	
0.48678213787314095	0.0	
0.2722064290310608	0.0	
0.9240922944665516	1.0	
4.717414245792872E-4	0.0	
4.3979251392378135E-4	0.0	
0.21524699275301287	0.0	
4.244927105114031E-4	0.0	
6.67241254299191E-4	0.0	
4.893926726751588E-4	0.0	
4.5473850666555944E-4	0.0	
3.8509960058171096E-4	0.0	
3.9592124303418244E-4	0.0	
3.775455953604154E-4	0.0	
6.289045874374559E-4	0.0	
9.04885258543329E-4	0.0	
4.042648729495722E-4	0.0	
0.08347169842586709	1.0	
0.9593686776133581	1.0	
6.886375132168029E-4	0.0	
0.9556916097801195	1.0	
0.917540842533671	0.0	
3.5487271942270874E-4	0.0	
3.590358085664799E-4	0.0	
6.059119081044612E-4	0.0	
0.9601618727464409	1.0	
3.771039901008217E-4	0.0	
0.9527930357991059	1.0	
0.1751634264056581	0.0	
0.012047824837305194	1.0	
0.004172280014312184	0.0	
7.995319840205046E-4	0.0	
0.004422130233640138	1.0	
0.9388378623684419	1.0	
0.01057405212122092	0.0	
0.006324720987349523	0.0	
8.112306927246218E-4	0.0	
3.7926744370927426E-4	0.0	
0.0838430554343704	1.0	
3.841239573847628E-4	1.0	
0.9612631516766658	1.0	
4.885949731600738E-4	0.0	
9.062354529207727E-4	0.0	
0.9568683027688385	0.0	
0.9631572522500387	0.0	
8.71634996363137E-4	0.0	
8.935113526982946E-4	1.0	
8.050219198411877E-4	0.0	
0.007767304541980885	0.0	
6.476382070475516E-4	1.0	
8.16825616589253E-4	0.0	
5.072289672134654E-4	0.0	
4.878877573513449E-4	0.0	
4.0653445466813307E-4	0.0	
0.96562745673969	1.0	
4.8006748268691337E-4	0.0	
6.025025348413215E-4	0.0	
0.003226645685903001	0.0	
9.192365672392261E-4	0.0	
4.2319717004955624E-4	0.0	
4.090545738155857E-4	0.0	
4.0505731326111893E-4	0.0	
0.9571141403818111	1.0	
0.9115432695109452	1.0	
0.0013662687257210756	0.0	
0.9642615515883823	1.0	
6.437908688007698E-4	0.0	
0.9611894241703796	1.0	
0.9583320434992454	1.0	
3.547443695189321E-4	0.0	
0.35653332462563725	1.0	
7.875269778658869E-4	0.0	
4.764809433713736E-4	0.0	
4.566660545755924E-4	0.0	
4.8098802098327735E-4	0.0	
3.755727633799992E-4	0.0	
5.18506696094648E-4	0.0	
9.554440636856356E-4	0.0	
4.518987624922872E-4	0.0	
6.692286443999902E-4	0.0	
5.70566767580617E-4	0.0	
6.192640388260139E-4	0.0	
4.1281414541346296E-4	0.0	
7.318786499113734E-4	0.0	
5.810080197455947E-4	0.0	
3.611637509231229E-4	0.0	
5.540305331142245E-4	0.0	
0.0012405351120607666	0.0	
0.8203699551835851	0.0	
4.936445170636971E-4	0.0	
0.0838430554343704	0.0	
0.9622029271604026	1.0	
0.9652668549311944	1.0	
0.001563232662401182	0.0	
0.002763846063593851	0.0	
3.919566925928833E-4	1.0	
7.369693739899915E-4	0.0	
0.0028606051954111057	0.0	
5.00587918983288E-4	0.0	
3.4522783626594406E-4	0.0	
9.446462289979378E-4	0.0	
0.9555822162463237	1.0	
4.1062130937966046E-4	0.0	
0.20471929857104143	1.0	
0.08024957225925912	1.0	
6.913298014768479E-4	0.0	
8.865857559561071E-4	1.0	
3.8175888331418476E-4	0.0	
5.670949027953505E-4	0.0	
5.94823399385714E-4	0.0	
3.4934838355699804E-4	0.0	
0.017940028456615624	0.0	
4.027990955287545E-4	0.0	
0.0011889105593283643	0.0	
4.0260788226866267E-4	0.0	
4.141174757517151E-4	0.0	
0.9619430131972997	0.0	
0.9656880755237505	1.0	
4.226622019389524E-4	0.0	
4.175712435085477E-4	0.0	
0.001796234747262048	0.0	
0.017940028456615624	0.0	
8.857560227649199E-4	0.0	
3.450093285974248E-4	0.0	
0.7797094282778989	0.0	
0.9652958381300917	1.0	
3.6371510614165425E-4	0.0	
3.58483005629342E-4	0.0	
0.30217200584630866	0.0	
3.8811959059859615E-4	0.0	
8.681802244258558E-4	0.0	
0.7379570680184697	1.0	
0.0010023045654937173	0.0	
0.08024957225925912	0.0	
4.5292474643041835E-4	1.0	
0.001796234747262048	0.0	
0.9675566784888187	1.0	
0.9561946435711002	0.0	
7.401646842508533E-4	0.0	
4.165142300395495E-4	0.0	
0.003141293456635971	0.0	
3.4577826469803295E-4	0.0	
0.006516454103751286	1.0	
4.213711762033533E-4	0.0	
4.905261872053859E-4	0.0	
5.377207285575976E-4	0.0	
0.0013928321102333477	0.0	
8.383690685029401E-4	0.0	
3.885538402431908E-4	0.0	
0.00448102001911102	0.0	
0.006638444114393886	0.0	
9.63932036366362E-4	0.0	
3.5909591354759063E-4	0.0	
0.9484901668629323	1.0	
0.002774610068523868	0.0	
4.120867805175567E-4	0.0	
6.226451703355809E-4	0.0	
0.06181059566035037	1.0	
4.120867805175567E-4	0.0	
4.848942618666178E-4	0.0	
5.089893991607178E-4	0.0	
8.401450023331723E-4	0.0	
0.8198189567418988	0.0	
8.265076080308143E-4	0.0	
5.989785858011502E-4	0.0	
4.514474532576869E-4	0.0	
3.5115804494857596E-4	0.0	
4.2947018188692945E-4	0.0	
0.01537224083733088	0.0	
4.1062130937966046E-4	0.0	
0.9627788747255213	1.0	
0.9608477229699925	1.0	
0.9590131414968833	1.0	
~~~~~~~~~~~~~~~~~~~~~~~~~~~~~~~~~~~~~~~~~~~~
Accuracy=0.856875
TP=277
FP=83
FN=146
TN=1094
