#####PARAMETERS#####
dropOut_alpha=NaN
preTrain_learningRate=0.1
fineTune_learningRate=1.5
epoch=1000
CD_k=1
mode=test
dropOut_beta=NaN
classifier=logisticRegression
CV_fold=10
hidden_layers=20,12
dropOut_standard=0.5
label_number=1
preTrain_randomSeed=33



CV_20 RESULT
388 instances
left 1 columns are outputs
right 1 columns are original lables
~~~~~~~~~~~~~~~~~~~~~~~~~~~~~~~~~~~~~~~~~~~~
0.009695806336813193	0.0	
0.009572372237188737	0.0	
0.009574685224496005	0.0	
0.01068921414951411	0.0	
0.009574380184527715	0.0	
0.009639261290162114	0.0	
0.00959710864703664	0.0	
0.009588988113807293	0.0	
0.009581459239546208	0.0	
0.009574073403352661	0.0	
0.009586318323592009	0.0	
0.009579369387347469	0.0	
0.00957955759606206	0.0	
0.010222304132481142	0.0	
0.010062307334846353	0.0	
0.009680987874629652	0.0	
0.009573556369724462	0.0	
0.009571379023075158	0.0	
0.009571632426460022	0.0	
0.008749236321686388	1.0	
0.008739507137809506	0.0	
0.008738294961025983	0.0	
0.008738279106105029	0.0	
0.00875023444348304	0.0	
0.00876122716769917	0.0	
0.009052227865794672	0.0	
0.00876814319514169	0.0	
0.00874565747295921	0.0	
0.008979429646220767	1.0	
0.009447129543858738	0.0	
0.008738336023740622	0.0	
0.008757383457623573	0.0	
0.008765179245418954	0.0	
0.008738754229888035	0.0	
0.008740274193666393	0.0	
0.008752726064019842	0.0	
0.008767391308684253	0.0	
0.008766958436918843	0.0	
0.009151861003694143	0.0	
0.007036696275097603	0.0	
0.007102527331567212	0.0	
0.034229005418487786	1.0	
0.07293579028329442	0.0	
0.0070546648960423735	0.0	
0.007241412943822318	0.0	
0.013751787869845288	1.0	
0.7848903919807761	0.0	
0.01023075257621888	0.0	
0.9970723463079048	1.0	
0.007033384351667585	0.0	
0.007033394326811154	0.0	
0.007033453512340061	0.0	
0.007033682256017233	0.0	
0.007033404499132255	0.0	
0.0070334177830354595	0.0	
0.007033735119200505	0.0	
0.007036255980937692	1.0	
0.008945072321467755	0.0	
0.008876206328276964	0.0	
0.008809615684771257	1.0	
0.015374582037168981	0.0	
0.009064694884734702	1.0	
0.012510920898316975	0.0	
0.01901781898314385	0.0	
0.013899341146549643	0.0	
0.9677623577345507	1.0	
0.008804564538233669	1.0	
0.008807057166537513	0.0	
0.008889155325142556	1.0	
0.008814205498623282	0.0	
0.0088046454735703	0.0	
0.008849125814481438	0.0	
0.008826267445378008	0.0	
0.012006550062048437	0.0	
0.00880406346924032	0.0	
0.009277087313613574	0.0	
0.5240442084131525	0.0	
0.009293549895369655	0.0	
0.009307110985387142	0.0	
0.010580094130937186	0.0	
0.00930437227620188	0.0	
0.011241818991405342	0.0	
0.009389310136470555	0.0	
0.009291276947805108	0.0	
0.00929011234514396	0.0	
0.009292102831008375	0.0	
0.009290236470748057	0.0	
0.009303476353231557	0.0	
0.009293374861014295	0.0	
0.009324066235214376	0.0	
0.009290401063960523	0.0	
0.009292337506286616	0.0	
0.009308410544745233	0.0	
0.009820405982068257	0.0	
0.05521943623169886	0.0	
0.013846740589480717	0.0	
0.00919034747518361	0.0	
0.011499531011548178	0.0	
0.009205183281685259	0.0	
0.010975385783554123	0.0	
0.009898207803913702	0.0	
0.00950508374070626	1.0	
0.042837658122169955	1.0	
0.009174653114231818	0.0	
0.009210138972067157	0.0	
0.0091992731432431	0.0	
0.009240612425042642	0.0	
0.010819984117008997	0.0	
0.009175213410299693	0.0	
0.03388813248728498	0.0	
0.010074451457354097	0.0	
0.009215182643579513	0.0	
0.011425359615767594	0.0	
0.009218660436862005	0.0	
0.009389133365269918	0.0	
0.009421815509941287	0.0	
0.00939158402088471	0.0	
0.009390348298153859	0.0	
0.01149988756830714	0.0	
0.040514465549689495	1.0	
0.01005849662931261	0.0	
0.009401044543183282	0.0	
0.009400835924088722	0.0	
0.009500699328030474	0.0	
0.009444526992890162	0.0	
0.00941522346102651	0.0	
0.009392498495435305	0.0	
0.00940496799234516	0.0	
0.009561291876173763	0.0	
0.009407922365137777	0.0	
0.009824413569589234	0.0	
0.009388631334163263	0.0	
0.00940616493708314	0.0	
0.009205793482756538	1.0	
0.012116237178683759	0.0	
0.278422257320871	0.0	
0.009222333204315033	0.0	
0.009173594402002369	0.0	
0.009233313839345749	0.0	
0.009149621014465323	0.0	
0.0091532908929005	0.0	
0.009401275709699609	0.0	
0.009173085609034034	0.0	
0.016763249211534825	0.0	
0.009147769978791437	0.0	
0.009147733364881864	0.0	
0.00927767931999736	0.0	
0.009185207576816573	0.0	
0.009147376002546692	0.0	
0.00919128033710505	0.0	
0.00914755371191621	1.0	
0.009157280235682963	0.0	
0.009152694950827843	0.0	
0.009152559791776526	0.0	
0.00915498057743139	1.0	
0.00919655269880371	0.0	
0.3760920363140046	0.0	
0.9985018653112749	1.0	
0.009214322949921553	0.0	
0.010770784662156026	0.0	
0.00915555867000422	0.0	
0.00918611163548191	0.0	
0.00915678609356475	0.0	
0.0269206644144682	0.0	
0.009168984188694326	0.0	
0.013349171552039841	1.0	
0.009165296589906594	0.0	
0.01379417200161295	0.0	
0.0235434291249728	1.0	
0.009421211573629787	1.0	
0.009157568972231644	0.0	
0.008226266752882202	0.0	
0.010863376190115874	0.0	
0.006443259722303749	0.0	
0.0071215725189197	1.0	
0.006501200481816858	1.0	
0.006425294305808538	0.0	
0.006423271887088421	1.0	
0.006457449989610496	0.0	
0.006519720230821433	0.0	
0.006459267767098544	0.0	
0.006816315702759422	1.0	
0.006567426609259808	0.0	
0.012514746113227547	1.0	
0.006427172341724658	1.0	
0.4642171353833039	0.0	
0.006804831076243902	0.0	
0.4816312487556852	0.0	
0.006448006038199765	0.0	
0.07961460273285173	1.0	
0.009225047083685812	0.0	
0.009220781999161706	0.0	
0.009325062221398225	0.0	
0.010435244617485717	0.0	
0.24851759839059434	0.0	
0.009220826785690658	0.0	
0.010034751549923575	0.0	
0.013440477132463474	1.0	
0.009223921914311227	0.0	
0.011535700848770975	0.0	
0.00924822741222951	0.0	
0.009254828763638635	0.0	
0.009221281525218507	0.0	
0.009223556324814879	0.0	
0.009656923033829787	0.0	
0.0092209185158039	0.0	
0.009222548589442313	0.0	
0.009223144509550606	0.0	
0.28626259895997314	1.0	
0.5193152763103972	1.0	
0.9908687210932289	0.0	
0.9970564858305772	1.0	
0.6386364365457988	1.0	
0.008913937112480707	0.0	
0.008916851796866295	0.0	
0.008917091026867538	1.0	
0.008916746989759463	1.0	
0.009084213449596295	0.0	
0.008948701461306803	0.0	
0.8661373791479136	0.0	
0.009070262227867738	0.0	
0.4200982425948209	0.0	
0.008958100112148922	0.0	
0.008917602586055156	0.0	
0.01797899937582272	0.0	
0.008919371491640756	0.0	
0.011921293220886153	0.0	
0.9981107636789821	0.0	
0.9203646539519098	1.0	
0.9982422546502486	0.0	
0.009349613011651882	0.0	
0.011598274993615855	0.0	
0.009304457020873482	0.0	
0.009370325391323752	0.0	
0.011097002703013599	0.0	
0.010332155766948911	1.0	
0.009304695592434806	1.0	
0.009309525994835838	0.0	
0.009304738841491083	0.0	
0.009317781177462474	0.0	
0.00930759086198736	0.0	
0.009305587923240247	0.0	
0.009307263785033569	0.0	
0.009311184140329552	0.0	
0.009305734511430179	0.0	
0.009317851934905873	0.0	
0.04295776848240977	0.0	
0.009545982825830693	0.0	
0.009552069037880662	0.0	
0.009544938588727818	0.0	
0.009546291154540016	0.0	
0.009544792064636378	0.0	
0.009546794422344518	0.0	
0.009544829180119917	0.0	
0.009584601557362817	0.0	
0.009550494019159255	0.0	
0.009544740249061224	0.0	
0.00954486657172579	0.0	
0.009544698938665282	0.0	
0.08390990470721651	0.0	
0.009544710246051035	0.0	
0.009629351781568062	0.0	
0.00954867761488931	0.0	
0.009545854983229341	0.0	
0.0095447378787573	0.0	
0.009545568755414891	0.0	
0.009688820467981994	0.0	
0.009690171335647065	0.0	
0.009683257667911005	0.0	
0.009685148639558983	0.0	
0.009683154820354712	0.0	
0.009680776060337116	0.0	
0.009681226303602835	0.0	
0.009709362315747897	0.0	
0.009681132762525973	0.0	
0.009697194618878397	0.0	
0.009688916970975845	0.0	
0.009681148530541308	0.0	
0.009682337436426625	0.0	
0.00969907763763395	0.0	
0.009759961138235088	0.0	
0.009759306231635567	0.0	
0.00968479987123913	0.0	
0.009682147204379236	0.0	
0.009691842420957733	0.0	
0.16727240411053443	0.0	
0.009341509446293274	0.0	
0.009204784852174474	0.0	
0.00967325777435869	0.0	
0.009198620074740234	0.0	
0.009199238519372937	0.0	
0.009204932819836208	0.0	
0.009202498876694032	0.0	
0.009203341219093738	0.0	
0.009210648555812882	0.0	
0.009199673395059824	0.0	
0.017222710264203595	0.0	
0.009387396615406569	0.0	
0.009200430436592346	0.0	
0.011001354723131495	0.0	
0.009213462711677441	0.0	
0.00920001028376788	0.0	
0.009537578761367769	0.0	
0.00921145770139138	0.0	
0.01325699949842152	0.0	
0.02673951271648016	0.0	
0.009564554942400013	0.0	
0.9986472294582934	0.0	
0.03756379422338027	1.0	
0.010583248140180178	0.0	
0.9986065476920413	0.0	
0.012227076259825708	0.0	
0.9982140959551363	1.0	
0.010536739999135066	0.0	
0.009572366353097257	0.0	
0.009533586823860716	0.0	
0.00954107961267537	0.0	
0.009534593926179068	0.0	
0.009534309314049392	0.0	
0.009533671143879744	0.0	
0.009534043772754401	0.0	
0.009533317971727592	0.0	
0.009533518096176804	0.0	
0.009535681544513085	0.0	
0.009533353128414503	0.0	
0.00953381717398295	0.0	
0.009533314019896986	0.0	
0.9726134045243421	0.0	
0.009533581222332391	0.0	
0.9988265326916131	1.0	
0.010874273188981482	0.0	
0.008832886823253838	0.0	
0.008834959187706194	0.0	
0.009184907388339398	0.0	
0.008829370015614655	0.0	
0.008825184533158545	0.0	
0.00883168354732251	0.0	
0.008831524063182106	0.0	
0.008824083358187686	0.0	
0.021850703931949277	1.0	
0.008828724817284033	0.0	
0.008840211128783085	0.0	
0.00904120774607395	1.0	
0.00890525941137358	0.0	
0.05100485686297849	0.0	
0.008842857539408402	1.0	
0.008827457792518947	0.0	
0.008823781038319418	0.0	
0.008862096572629291	1.0	
0.008824629601893468	0.0	
0.016911475372947384	0.0	
0.009154031280129338	0.0	
0.008732276074551168	0.0	
0.008744505907461734	0.0	
0.008703706121861533	0.0	
0.008725385627139128	0.0	
0.01443429726493351	0.0	
0.010285797251062915	0.0	
0.008702054679374674	0.0	
0.1120771754703377	0.0	
0.5584430527008771	0.0	
0.06491817424125208	0.0	
0.03250973756700844	0.0	
0.009521505200153574	0.0	
0.9991367031148349	0.0	
0.00874494441111667	0.0	
0.008697855513559708	0.0	
0.014482990676388528	0.0	
0.9408898601617434	0.0	
0.00913423373221669	0.0	
0.009136258667902134	0.0	
0.009167228215953518	0.0	
0.009132654869757985	0.0	
0.009132565952332902	0.0	
0.009132284009307039	1.0	
0.00913200661184992	0.0	
0.009132080593316438	0.0	
0.009132014615530811	1.0	
0.009135936234076882	0.0	
0.01440282589138585	0.0	
0.011430575054410435	0.0	
0.009136789870268391	0.0	
0.02284409977659116	0.0	
0.575717325959489	1.0	
0.009265534830996746	0.0	
0.00926659689385143	0.0	
0.009142634630642793	0.0	
0.009137288472959968	0.0	
~~~~~~~~~~~~~~~~~~~~~~~~~~~~~~~~~~~~~~~~~~~~
Accuracy=0.8711340206185567
TP=10
FP=12
FN=38
TN=328
