#####PARAMETERS#####
dropOut_alpha=NaN
preTrain_learningRate=0.1
fineTune_learningRate=1.5
epoch=1000
CD_k=1
mode=test
dropOut_beta=NaN
classifier=logisticRegression
CV_fold=10
hidden_layers=20,12
dropOut_standard=0.6
label_number=1
preTrain_randomSeed=33



~~~~~~~~~~~~~~~~~~~~~~~~~~~~~~~~~~~~~~~~~~~~
-1.410398881614305	-3.388267650749466	-3.7798182122405715	2.5906503798554463	1.0215656273460076	-4.752513283168739	0.8078145606119647	-6.3082902401465555	-1.8637576559209774	0.8505663399408098	2.7841770548370217	0.16163348111310405	3.546200363014936	2.560322579140398	-3.4706854651257464	-4.716897990828271	1.1762561374025748	2.146067573675775	-3.8122791690851954	1.0762403371460267	
1.6391932626328878	-0.06023560001092939	0.5409102579289535	0.8660835263932652	1.805548115791171	0.21443536859087717	1.5988031733598143	1.5776680586676979	0.04458829500893033	0.08777065015137421	0.361925495710428	1.7987558078224566	-0.4373485187047728	0.7998471016628067	-0.6061454799335472	-0.8171248251535103	1.8998937799305315	-0.12375295669465718	-0.6653834876404936	1.1931811469829705	
-3.338659301455438	-0.15932822269579772	-0.4257275697086944	-5.059761238736444	-4.060462065792496	-0.413823787777617	-3.381089307315663	-0.8822182317330552	-0.5495338798822874	-3.9049255893734482	-4.860920158343934	-3.102797483516382	-4.443805213923855	-4.833399059392201	0.4721188995246947	-2.2759492479182444	-4.17841456499948	-5.082380894447911	-3.6966579406800064	-2.3498554944407104	
-1.4921149700577767	-2.1494393544484347	-2.35894814192876	-1.5160079971990497	-0.7214357526019651	-2.5370761671843667	-2.18565249023197	-3.4519810646751616	-3.5328977202222447	-1.1137419479453379	-0.9937455276739124	-2.161829137276828	-0.9972335122287923	-1.472180636118985	-1.5074686809180922	-0.4940752734644623	-0.5586166288734997	-0.7745571428882717	-0.31549645455116593	-1.4690821704686647	
-1.984092485544989	-2.8550313344767293	-1.2258035529047002	-5.069149388379788	-0.8901376129271712	-1.4130222563881112	-1.0007060245067678	-2.3023561522560114	-0.5723049617580832	-0.5362653628611046	-0.917776729524896	-6.355181763631324	-4.360241968565113	-4.8145064103837	-4.905421883534545	-0.49299346168481006	-2.004725703062846	-3.830406049595698	-1.0162916680250798	-0.8518339409636545	
3.1826554238741696	0.24773327126635208	1.5267092129342368	5.2876921668954	2.5275090840744925	0.7986001689450322	3.1962230825956017	1.9357653468892475	3.6424119002464868	4.333330384393073	3.352256438957475	4.199647688532928	1.1544730487785952	5.041197488542869	2.1166724390881257	2.6150632104411615	2.2832347264526036	4.162335725640573	1.6903252346417732	3.244118514487059	
1.8662036063429563	-0.35927123457006316	1.4691239637543059	-1.5402658813488146	1.6210347935928	2.084996051896802	3.9793771439936805	3.9478586569294274	2.3015350716510348	1.6153741478293522	-0.6570830437659438	0.07471737693174338	-1.3560894500971212	1.0351843614975107	-0.26134069849981195	-0.6980461506225963	1.6963949081081766	0.8904445536629021	0.41003157366633974	-0.27589300982115117	
-5.3816256480514095	-2.6850678333047027	-4.850281201985397	-5.164746141613272	-5.810733324774686	-3.3131296830382384	-4.4022427697892335	-3.8191135132773857	-3.9849611003586043	-5.477788093103654	-3.481004236108649	-4.100102494380872	-3.90330949434347	-5.473982549994738	-1.846300127949599	-2.25043999970281	-5.56756390663765	-3.6181931199382436	-1.6656584256825213	-5.470832314308546	
1.2266688250596531	-0.38303772907983935	0.48617776143905095	1.6637569863046724	2.0881948428564416	-0.40757684653553783	1.2462900384616844	0.8096704444155884	0.5880885949739841	1.8734263123566302	1.2477916628136507	1.7956530429773494	1.8840917093568377	1.486866684597142	-0.6326379278099405	0.2963532046015602	0.6462692594695828	1.7710876171051126	-0.38402298949812685	2.175390986442126	
-2.259299551238662	0.2482945838143468	-0.5622371109097438	-3.0672229043245975	-3.011174550331071	-1.8324202913682524	-1.1872440984466122	0.6818929911373319	-1.4110809135810671	-2.186167383129717	-4.699077230263942	-0.6597767626194091	-2.988463150673717	-2.5550621796385773	-2.6929867883639735	-1.2354043063572477	-3.229714682804617	-3.7060639117911305	-2.4492599865638724	-4.346983973035147	
-2.8081036164829234	-1.207016366219631	-2.7936843053034757	-3.0677793033330794	-0.3859201452566029	-1.7999258725285776	-1.0754574253542946	-2.43437453180548	-1.0026298331955747	-1.1650582454158809	-1.107509795182556	-0.44564814467360364	-1.143384469241758	-3.7565720000903924	0.9726096458331115	0.41063785219256643	-2.9509507932265273	0.4843508089809318	-0.6560344091612668	-0.16854922211879378	
1.943245638166426	0.7722394089519351	2.7541383838678453	0.6909835986795188	-3.073850296007039	1.4049181877825034	-3.662594841023961	1.7977970149664948	-3.169058503904625	-3.3626054857787424	0.6401375729125167	-3.2735661843003196	0.10566015642459962	0.3998698218952762	-2.7783011332050123	-0.4250949222116442	2.062524878819712	-3.0197024932933236	2.0374932299720125	-2.6931829731037684	
-0.304827366045023	-0.05394501890006675	-0.5298744546479752	0.007747420369361312	-0.026973091400018294	-0.05537773041697878	-0.5526983126331797	-1.3170440084555166	-0.6700811463765535	-0.3359493248347799	-0.5359068624150898	0.05757474448703416	-0.09354184889939299	-0.16415706697204313	-1.1574112125634846	-0.09580720795121614	-0.47954838941713873	-0.60902982286749	-0.8895445383171635	0.5361876267598943	
2.853161647974358	-0.45079794270329243	1.0146173728739878	2.241969613639833	2.463584631401803	-0.2606722955620116	1.8276749005387138	1.8413829725152338	1.1238959902887844	2.2462056303812563	1.1184222473504657	2.4561346362251113	0.9793477344005044	2.5595181233002258	-0.2383800177949674	0.3397287172279994	2.0705829359810366	1.6317201753127377	0.11108334240277018	2.3788231805577613	
0.04991567862961166	-0.19431395444155966	1.2559385386932946	-0.9048496450188003	-1.6834517874435548	0.6121423364102004	0.037486284402402245	0.022279891957188366	0.049729199550345334	-2.2282035915263982	-0.2622116433890571	-1.0186802406025304	-1.2982920517090404	-2.6321669192516266	1.348777634592592	0.4950361234812986	-0.7494621903392671	-2.353238880283971	1.2226793391464557	-0.581323981141505	
3.3077569548100327	1.2718974311380442	3.3219912171254324	-0.31083025331406205	-1.2036514659438744	1.7935363317874877	2.394779744395705	2.2628787698148654	2.5426240200969676	-1.5628576779532275	-0.6882932496952279	1.8500656491945158	0.48125268770826923	-0.19872957716300726	2.0534335520471405	2.3085265238219623	-0.6409029537295772	0.011482692689109503	2.2640161126933624	-0.6873550092707944	
1.3899627133287589	-3.0819335815511155	1.121604770436014	-0.8369743571830799	2.0220362763315527	-0.741553949019207	-1.202224579316442	0.06370465220801867	0.7921486393246653	0.8571035400718366	-1.0511050675488627	-0.638083235591002	-3.7635081225131866	-0.060020712263908954	-2.333928005763464	-2.803431532363589	1.9450184996183528	-2.1726724441105447	-2.8921660243791836	0.6654345203748044	
-6.005862453781031	1.0199544501427669	-5.228492426166094	-5.5958320322117086	-6.10728889050805	-0.20385486278092185	-4.300943392290247	-2.3182001703597646	-3.4720992632461907	-5.955945351752517	-2.147058824199036	-4.39504064456299	-0.831384969710761	-6.4292217180321645	1.8222373300029	0.40012569683775767	-7.225305783010425	-3.538285654683292	1.040980853926044	-5.418115012994262	
-5.439164123236964	1.0335224118765352	-4.115147004314424	-0.5252768517159377	-3.334099966401969	-2.244165500701712	-4.669968028137467	-3.178782022781226	-4.511547016794406	-3.8941422621236335	-3.398892973845186	-1.2687983420061302	0.5388829147048644	-0.2006831817338743	-0.4422673110218736	-3.1989950342693505	-3.9570516629044894	0.07526138980331036	-2.8189709111298993	-3.87567172027039	
-3.691086336858468	-1.619605395917572	-2.7315182291132047	-2.6150384832414173	-2.076824873676627	-2.6983994778274423	-2.994188166917587	-2.3904398163878917	-3.1684094366010918	-1.9361865123341402	-3.382087244797413	-1.9046029221610605	-1.561082658545255	-1.4019161293048488	-2.0587268256890408	-3.4843373179576203	-3.404390109698776	-2.0224766599619484	-2.7351027989365964	-3.210876970038859	
-3.178547312073637	-1.630730045108538	-1.8470936303241783	-1.9818438144107184	-2.3710454256126248	-1.8305816195582536	-2.8623910685129696	-2.094110534620781	-2.7644218907863554	-2.2023067646365657	-1.259802462934034	-4.053069134885799	-2.3700846295203006	-2.2046497303876977	-2.0983789958553483	-2.775860340396421	-1.676756831144569	-1.9417341593526294	-1.8647941569313211	-3.6440866170522757	
0.8813526362261033	-0.15078765325187657	-1.0158750172092894	1.3287726504563495	0.9939825882599285	-0.04135189105628979	0.5690032864335269	0.20996361395328228	-0.2392121828486273	0.9779485054725742	-0.8668082072819955	1.1423108273258769	-0.7128791172649673	1.050364173047118	0.06475117499023036	0.027077810412285824	0.856230892503145	0.6616557112148481	-0.18951661105536785	0.8851586620798328	
-1.1942033103584262	-0.10380308638526539	-1.3143551649241212	-0.03919143757268837	-0.46466952064458183	0.06880988942921401	0.013688499086515229	-0.8528039875194329	0.4357054315218961	-0.6028019149592415	0.9287915227194882	-0.7177472070773745	1.0546559102871504	-0.20898703230418	0.339219289996225	0.07353051698902636	-0.6597539767829914	0.41256532174426536	0.1981927732998478	-0.34780666089302004	
2.8583600322298746	1.730297892182771	2.437417889411757	-1.0002247887338038	1.0870289189574078	2.1531719565270415	2.493887905387144	2.2713842511596734	2.142979607106809	1.1745603614361027	-0.28826364419135014	2.522144772609	0.11615663247573844	-1.1242507609087904	2.5930747468501516	2.6294481279528967	-0.18421403913116974	0.1272531922652599	2.424529539312179	-0.01935063848664194	
1.2353896718529094	-0.23553190217394313	0.6310175901849718	0.35617107263617	0.3272502451739592	0.09028402577529147	1.1822784533005488	0.7070627762028929	0.9459652533124545	0.2905903057815709	0.15051400782121915	1.0665474815829923	0.3292244157483607	0.5216781972974873	0.14497301964393564	0.16093774283513748	0.5087714990277742	0.9943549063616779	0.31914086127546865	0.8833605193610513	
1.0388640502574722	-0.33628796118093873	1.1459321524143362	0.3398392808629282	1.6493623626786205	-0.13912101823422793	1.1962322184088423	0.7352186035577374	-0.003132879859133053	0.7998646759114908	-0.007448578027791968	1.3878127113518588	-1.6211585717789097	0.7631589997148077	-1.0373450993783144	-0.8282075865981938	2.3103141998410837	-0.4487996300150006	-0.6950501225446253	1.7962210051844973	
0.7141985330759621	-0.28246953023530347	-0.15433287752204478	0.36687292195317794	0.05228612230972291	-0.20300623728226397	0.6344482473476233	0.6184619768118172	0.641125799400215	-0.12180435554772137	0.2984303404254666	0.3682742914165711	-0.26549681268641373	-0.0027800276577247362	-0.12071958491765311	-0.3012009014374233	-0.20300742333497113	0.4239478074943603	-0.3017510484871286	0.22065059286731345	
2.0333228321466486	-0.6720663120943625	1.3006481840487563	0.45129647838969256	0.8567512581069998	-0.21538194492806537	0.1701182300416388	1.3468798937437414	-0.5353954839241409	0.10485601956177232	0.10201132786948551	0.7517443290003993	-0.232372861330266	1.0454283185348479	-0.7069299391366977	-0.4411274594231923	0.8929726295367004	0.9810174333460637	0.3867361593781676	0.9838813676346108	
-0.518438553185742	0.2593327365687089	-1.4477911660373022	0.13421669445954168	1.0413310999919103	-0.09140873525649833	-0.01913702205419957	0.3123278389974679	1.0582913023164076	1.1748495537843748	0.41408539478518785	-0.14604068289183122	-0.49365783422806986	-0.5021455780846672	0.6043857279524775	-0.03071675091188451	-0.35591043827764063	0.09041982204194483	-0.9572801410210442	0.619148596554869	
-0.6718682510861024	-1.2123926040860131	-0.19441571725533877	-0.9160390198983508	-1.0910979993558843	-2.101544123431403	-0.6579361130288418	-2.2229129188753527	-0.44316790801368244	-0.39013612113138835	-0.8294090054704782	0.15962427531078244	-1.6965591436038325	-0.5626172975695108	-2.244949283244279	-1.326570146235445	-0.2685349622561199	-0.2783587555464898	-2.2027861802250976	-0.25841047606860457	
-0.15975242685093108	-0.5105114416636987	-0.4039776529524023	-0.051982985860114475	-0.2731886617449754	-0.5568938284510141	-0.07275897591480551	-0.35059761792986893	-0.13482859070771816	-0.4183725539327928	-0.10090151450530015	-0.03899791255266918	-0.4546214576086042	-0.2417487257405334	-0.32980557956047013	-0.38801698131521956	-0.292038316981117	-0.25786645165101235	-0.6691688324106251	-0.24711909153179767	
-2.2980179740292614	0.05061659466457599	-1.519001584023473	0.5227536557477012	-1.628777751840976	-0.4821838431317363	0.49847258775978465	-1.3486382050989993	0.3965916677758806	-1.9286925730491467	0.49507982937511674	0.15733549737634278	0.4135583109926138	-0.35161346772859997	0.4500404818454684	0.4363746229837304	-1.3142363461282993	0.34625916576472027	0.2426967635344208	-0.37927438134256647	
-2.0567509574929392	0.13963984286970052	-0.9244142495299936	-2.2371676556521476	-2.4031179804850944	-0.25060224788006397	-3.844921704937272	-0.4039439746542597	-2.5083663362037987	-2.6687553455187207	-3.5423868110025105	-2.501608855480349	0.04608548491664344	-1.573113875161167	-0.8001038756807168	-1.6120990516250067	-1.8230260494474242	-3.2060288873681007	-1.6191255693328621	-3.4647926694119953	
2.408225618811004	-0.1418429861256307	1.8163726222767116	2.61753105609095	2.3986226229139054	0.10572466970911182	1.4579804516218111	1.107488594217851	2.150811085638012	3.2596394498620467	1.881264670416993	1.9493902564042052	2.74087805943429	2.6743527291368996	2.1021820357429557	2.2465490755517896	2.458147260404601	0.8892747587968184	1.0645506911349956	2.9938362036531143	
1.6833667883593313	-0.11666337603535155	0.9944848410975935	0.6767001033476688	0.3711474917723666	0.301413577374404	2.0729992142118845	0.8298345289442439	1.4219517492879923	0.28046940077466925	-0.2038716243815034	0.860971019258154	-0.3446217340195817	0.23255993878512646	0.38323827812262085	0.3522996078287747	0.38725558020001105	-0.0350245649066765	0.30389817829863736	0.4268291884557238	
-0.4271014012450831	0.328651424393248	0.006336057165710584	-0.8857696707740866	-1.9376053372768849	0.7451439365234246	-1.2987817370855679	-0.25852060505423274	-1.3711943776072073	-1.7574082792987755	-1.0620403698030574	-0.7959390129626691	-0.5919398362913357	-0.311169914843325	-0.7773674996115754	0.43277300400884855	-1.58472992780405	-0.9550322855406799	-0.3591969169285944	-0.871942463259483	
-2.9001979925638293	-1.0437038726084722	-2.794541852823232	-0.05571930221155223	0.1404441531890173	-1.9623019843256997	-2.2900164265231364	-3.0229778058038406	-3.018467317855314	0.493060204440084	-0.13746084080349238	-2.2388505933538916	0.24059291580027797	-0.012591858108246505	-2.375723646518402	-2.532284211461812	-0.13330103703006332	0.13442748726158252	-1.9477434436284056	-0.8323924397567553	
-0.8707159742905982	-0.9761297319705714	-0.2862165619554275	-1.299911912922188	0.43121865655818176	-0.7388364817186234	-1.3609728963965242	-0.941860834072715	-1.0800209857177623	0.24445942354629055	0.2643960998457816	-1.0619030982056783	-0.2440563873995427	-0.8355058272094416	-1.6168723180839322	-0.5974333485136302	0.12830011383921885	-0.6806227415300184	-0.44457338411131114	-0.15462982750213555	
-0.22414418395930463	-0.374739860210527	-0.21244868114463	-0.15852413951065353	-0.3777079788301847	-0.2669632163637121	-0.320825244898758	-0.025975189646812148	-0.18451988780222248	-0.2744419957053264	-0.14809029130668963	-0.3079462515657198	-0.2448633430357493	-0.21964017623945087	-0.3687163489916232	-0.17893050366917876	-0.30956356267705243	-0.2512225765479758	-0.21104536716844285	-0.270468476268811	
-0.708331017726547	-0.8726936569165619	-0.8245526031990617	-1.307214214043112	-1.368939026472736	-0.7413773387437815	-0.6562688550162428	0.01662703569428517	-0.6732475964966327	-0.9771755563717983	-0.8961338249079432	-1.4301207223150503	-0.603815203274456	-0.9019615542057677	0.29644592211473425	-1.5120003134561084	-2.678272309346437	-0.4327421476397458	0.10697779472853977	-1.1976198771808575	
-1.0272377964322852	-0.3813627453744974	-0.4305299784341445	-1.6424541488561104	0.5728389904608717	-0.2984409549593669	0.38787500928077084	-0.5541400055595317	-0.012911151427120479	0.7026579775393886	-0.8627779574899488	0.12544324854910055	-0.7769546240460106	-1.4988715265065906	0.03620586948443801	-0.06358258933407318	-1.2831676268416827	-1.1867649120094956	-0.21991869296549776	-1.0500772876637812	
-0.020669788777014333	-0.41279469990697903	-0.031827026661309744	0.3321169427339925	0.6826823341575624	-0.4047894937241778	0.2752305138281385	-0.20181609689436675	0.09575766508377093	0.3788603384952403	0.02010501663442275	0.7112648321470727	-0.04765431784142421	0.5642528720622276	-0.5356427998194447	-0.22479545303213644	0.4659466634556192	0.13804297876755933	-0.3901266623980654	0.4736459008590027	
0.17892972972496324	-0.22009410484193753	1.1180284028603307	-0.6954700190902984	-1.0722845504008107	0.17518525476419833	-0.20838886415287125	1.338379527286333	0.800298038882013	-0.6753901956156501	-0.13213485262177238	0.08805081636112745	0.3965962108703519	-0.4566489809710577	1.1296651699639095	1.264739821716477	-0.641550515797014	0.8660338504807981	0.923246132017698	-0.553318669108486	
0.9767825478969625	0.30591198808220016	0.6592761686629716	-0.668355943041056	-0.04818425052286814	1.1552399830343294	1.6501207524882406	2.3599555998549744	1.067092062193996	-0.16757266186312253	-0.4027371114142619	0.2828572033399206	-0.909850196630424	-1.0560567874995972	1.8223963688148774	1.377950864506886	0.3811769043496529	-0.5323490116311307	1.4634316197489528	-0.3693042123600661	
-0.9317417316716788	-0.12410857698317963	-0.8534167231330938	-0.7677050313464563	-1.5722851482997928	-0.373653532053861	-1.0172442773492893	-1.4550436053262366	-1.1874304818130927	-1.7126371810582004	-0.5178044136721911	-0.8486691647983368	-0.3333769920495483	-0.6976702938320927	-0.9146442119249512	-0.49617625072186683	0.09924748493311651	-1.5491652239382896	-0.1554731839243308	-1.3705227701948115	
-0.01469950429368335	-0.8020328012862035	-1.427725548689477	-0.5324482630167281	-0.7218534901451931	-0.6085624309506561	-1.1439650244536577	-0.43721753569350924	-1.424525938220213	-1.0187591169508874	-0.6732107244955384	-1.532995352756255	-1.1080889600818082	-0.8660235819865347	-1.6780211502276372	-0.6242929163289838	-0.3004264559528457	-0.8042802840830103	-0.5940601252798325	-0.37854715304610637	
-1.7192270956338316	-0.04712417253271335	-1.4231552096802846	-0.16095139733003544	-1.0922551964361966	-0.943832996834736	-1.4771370669880184	-1.9010391972054619	-1.5273132851903575	-1.019262021365727	-1.3104269694180857	-0.24919885618879467	-0.0512770934196086	-0.09961158142291483	-0.453400167689418	-1.4967092607687846	-0.8774254568421491	-0.8415096441522532	-1.3684097328099452	-1.8861301097829437	
0.6806957894526678	-0.9365816372387942	0.17693129949787123	1.0176701126539431	1.84764872521094	-0.3954111860800326	0.9962850723184236	-0.10274324966019421	0.46009837094759204	1.5961916116079764	0.7477196949377323	0.857684309015742	0.3211097943167524	1.1141338215097742	-0.2645737970606501	-0.09530119061770552	1.1881247326588127	0.9836426414633116	0.3716033016010926	1.482611147477786	
2.762217042967159	0.27891743123693213	0.9696950613525942	0.40729791351479666	1.1153646205533794	1.0752028880740059	1.5688623391705423	0.9575232444118069	1.6083569112515896	0.761829187243816	1.0323661302791372	1.4283351982631711	0.7388396765162045	-0.23637145945696864	1.657814082721116	1.0875473821139336	0.06907651946377173	1.5111634320459624	0.15350284733157965	2.501175830539283	
-1.6322331568076194	0.33657316289859424	-2.17508893137538	0.8402862894840241	-1.685469701061662	-1.0772681619687565	-0.5245146607994865	-0.4077695540909181	-0.5047577034275206	-0.6403256327904506	0.1596929387053351	-0.8177195828965879	0.058905928289563425	-0.2291961159382649	-0.6604664556311169	-1.9298915695954937	-1.8804401576786554	-0.24000757504157388	-0.8791645277208346	-0.8857830440910035	
-0.5270819199599451	-0.5605728949315478	-0.5500618623158489	-0.49747333221787143	-0.41145133811192847	-0.4660405751086805	-0.4755734098623557	-0.4557927381318698	-0.40593019326687957	-0.5119741252643014	-0.5618210609587999	-0.3967906551531616	-0.49530863307069134	-0.49755973285833355	-0.5129198107382061	-0.4705582246563105	-0.455398320933183	-0.41354989795546543	-0.6047324266643277	-0.5299929104225664	
-0.06821176865142277	-0.6254297258391148	0.7771089297717239	-1.2023984251722544	-0.7636955630905821	-0.4404877980341062	-0.587893770874814	0.17964713369789329	-0.0037069043577306936	0.6256671845105721	-0.8328513776365688	-1.282130714808663	-0.7909559460306241	-1.215472955397048	-1.0310598683401107	-0.3917963938811601	-0.32033393176193287	-0.3333224069072136	-1.1356795965398754	0.17634070932082563	
-0.31245206763146416	-0.2882107645492709	-0.08443837662831455	-0.20057626941743306	-0.3777716377634947	-0.29392873413917525	-0.338073743760718	-0.01669796349788291	-0.16623054639661103	-0.38647284269804366	-0.17399654185194072	-0.2805613918257291	-0.23470042897612045	-0.10513643777715091	-0.26848164476922837	-0.14739913102237656	-0.3787212614323356	0.09839287269305252	-0.07189809613479288	-0.1462000452297042	
-1.6170912745082122	-0.9595872545102273	-0.9503070872121088	-1.803131031764466	-1.549762397696543	-1.3487005127976048	-1.1219965337413265	-1.5869343835565188	-1.6448922372465962	-1.4346623593770582	-1.115005534586266	-1.0996431297264317	-0.9100083537910512	-1.5792832244049957	-1.4730195805418598	-1.3245088465028003	-1.8038695521186252	-0.38986602280130356	-1.2709113161961572	-1.6887725820686068	
1.042303171066729	-0.21699089023615972	0.2035433456806056	1.236403331415796	1.3954912755340871	-0.02572694526804519	1.4607019379344994	1.137171781719416	1.0911312798560222	1.0499105458937534	0.3676550362554531	1.4385677173888787	0.4958460857108122	1.3066397567483456	0.3467199367333277	0.17199126782775603	0.9007799442792946	1.1507533446233693	0.4554550505844729	0.9979434978290711	
0.5058104135048493	-0.10361111880206865	0.562531591932742	0.6651837174732195	0.9706455130827238	0.19169896082576005	0.9484819897732092	-0.22083426668516126	0.4838161611792483	0.5751632890226989	0.06216466071907819	0.1339694189590929	-1.0485510261014737	1.1147211630236127	-0.41053957632062954	0.27121276073285117	0.4271645447556486	0.1493164070954889	-0.6434184409671885	0.08729917993790935	
-0.8747860744393698	-0.46079457240975075	-0.06763259313255134	-1.1859166275989013	-2.0797704840354014	-0.5724878489461181	-1.9266489254254375	-0.9938293446128855	-0.2327015341586637	-0.7406020114062684	-1.2712985592151187	-2.036408814925897	-0.36648186104769764	-0.7292208660110768	0.36876886525936675	0.5689533393500155	-0.7121302190204244	-2.025010931035742	-0.09509165173477659	-1.985701714965237	
-0.477963414259744	-0.9690563784467628	-0.5856693606025213	0.21801433207388124	0.7412770957366993	-0.44214550386520135	-1.448573001647797	-1.1268776284977535	-0.1263009889858949	0.390131035859559	-0.15220208530176524	-0.4511149042178733	0.6752180573287491	0.7378773308416913	-1.4816880652849664	-1.9437571346139724	0.7471990545149245	-0.052872642276017255	-0.9825103552496718	0.6450485584053706	
0.060185499706181596	-0.26522911180343245	-0.2080913308533848	-0.11036175413695457	-0.1558922965563391	-0.25970648852372	0.23354365370142127	-0.16375159289045754	-0.08213715036501035	-0.16551582301102435	0.13447794551602713	-0.1295184856406273	0.1601710064778329	-0.27491320714214745	-0.11593450351198029	-0.2576297208163624	-0.16634791395607315	-0.20695686428106233	-0.3023573590410431	-0.13371191387167963	
1.6983068287418563	0.22797099608528695	0.6412552415374417	1.9818216357618477	2.655425356278715	-0.49157045254639137	1.0155027927976905	0.35009798226345545	-1.0381812342532346	1.0428629275485943	1.1901077065553254	2.208614847833604	-0.27099783007636263	2.490548054819151	-0.8744200559249979	-0.1924709592943253	2.0284244504960744	0.570770052155019	-0.32446116920358464	2.4464571857430086	
-1.9146387393241728	-0.2342991643542234	-0.5980676343592013	-2.500687815018781	-1.1773436855824717	-0.04739355573185203	-2.0762976855099806	-0.18519107628661977	-0.6350974022592654	-1.6269960529779457	-1.6836087414507113	-1.2652377039584612	-1.1339335464992015	-2.3609232358260095	-0.09357071457672432	-0.9043899931010901	-2.0398640602339713	-1.9955635895159443	-0.7041654584906027	-1.6377168376963944	
1.9219751734383628	0.36660073990142644	1.1237103677124587	0.4823606173230236	0.2986276153586168	0.1326727673596837	1.486873518555968	1.7197151327880098	1.4530400562996006	1.7319138710624176	0.8766231336055761	0.9489555151241431	0.8029870937901903	0.34118907164971823	0.12842034286123405	1.1958690020834106	0.6091193606780951	1.6928239093145299	-0.0114112363683452	0.9884954308108369	
2.654648765421193	0.23585375834253317	0.8177664663001203	2.132828274691501	2.931736335452205	0.5348978283213474	3.4449931117578316	2.542000737466526	0.8978918997938056	3.5175428430530857	-0.15186042256645613	2.8372970781770976	-0.477617936741386	2.073006398084252	1.4194993913977385	0.5521778025136056	1.1538125142708626	2.1823712707150658	0.5990355308183051	2.5802416278899116	
0.884434920284642	-0.009748335830279595	0.6249870845186815	1.3718072937977985	0.8999884802088409	0.1391038882339166	0.9521984107629408	0.7770281524593629	0.5532900860446286	0.901300530217162	0.0580220400767045	0.8713127713660185	-0.0469696909630661	1.4913590749554286	-0.006198564771291031	-0.020675124003381076	0.6931453029822967	0.3736913274244009	0.11477386399535344	0.708960677614477	
0.3283502680686005	-0.5926394728519808	-0.7097879593965674	0.5463654683237348	0.648054763341662	-0.5500269565764854	0.5022866468950584	0.4464023086832722	0.7169215487654681	0.7922971380050664	0.24704759736684834	-0.12493482077336768	0.21112214266948282	1.6073131532097817	-0.8338113102688476	-0.680921247481221	1.105410211140688	0.12949281606504964	-0.7892162796564781	0.017436425105964857	
-0.009513599270873177	0.27077274927050266	0.5375337268810501	-3.150103273272437	-2.642441149398652	1.1077280876208826	-1.5020715323853777	0.36500306065558225	-1.2424501903676977	-2.9271536231934823	-2.5819922175450967	-2.415053883668332	-2.0797611193937366	-3.7610233759275933	-0.03158040106401119	0.786092452697955	-3.3161573400964977	-3.454302449106033	-0.004748380630803555	-2.01188190690129	
-2.968085074835929	-0.8935053521445914	-1.9604457171196956	0.1725665933282536	-0.4124910625184707	-1.278941649001723	-2.9894279954305656	-1.9641129886921451	-1.7473358128627194	-0.04777408204702643	-0.05249152190571735	-2.600553755135546	0.27954460968841754	-0.057353997715713874	-1.5595020719370423	-1.6080454856402415	-0.5418914491686072	0.1235992992319381	-1.1878683479193353	-1.2421223238130616	
0.13310465152809942	-0.35292450729431685	-0.6805056755000584	0.500287862616372	0.6813485497111017	-0.47845336792551124	1.068530185502343	-0.4238263424354738	0.10244205162107656	0.033121220442776655	0.341485128129209	0.7928259460307245	0.03290149989643521	0.7374887379069676	0.150469984502	-0.02298465509799362	0.2872872377171445	0.7439567625997864	0.08052480788173925	0.718195496353659	
-2.289237593689212	0.3085605178660617	-1.5448691722490904	0.9722412695200949	-2.4588676157412572	-1.1645600085839924	-0.5034407408777182	-1.2738521958066473	-0.550083697079833	-2.0776730303274835	0.10454262700460484	1.0079608704204448	1.0721150138099258	0.3035679340237855	0.9326072177206396	-0.013376654111408124	-1.752665187877286	1.6010258268353283	0.2992325526220691	-0.19547223224469357	
0.12601921251641218	-0.385469412474932	1.3444044442630247	0.029767406954230198	0.6680304593230891	0.18498096354130472	0.9044496983742648	0.37921165009820074	0.7583695391192743	1.1606991081848235	-0.14242349268754548	1.042134496886585	0.8298324250458811	-0.07065008422994597	0.6745111560123996	0.42885045356493584	0.5438699136491887	1.5276156831451235	0.6154637553954639	1.0500685195213797	
-1.02643749219485	-0.2502573369421984	-0.7262270902278114	0.285839595028553	-0.1126026439998373	0.019885449874723266	-0.4198965840674191	-0.5844997533736372	-0.3275630621640751	-0.5472419455196227	-0.0608743794594566	-0.2766007672173347	-0.11254969123063341	0.06008754000375591	-0.028324733404693686	-0.061316951139703486	-0.29925843081534326	0.24286713905713692	0.07089184150556191	0.29654203221697584	
-0.7804137125733984	-0.0864868270762677	-0.5259951141549383	-1.2724204243957882	-0.8910379326423905	-0.5009342834046533	-1.1651021558770795	-0.9768114670157403	-2.506646085958071	-2.13619069122314	-1.0939543395105316	-1.5440182723298574	-0.6078443040201085	-1.2544877999549486	-1.3771794670196245	-1.1141827220174796	0.8535508121830021	-2.8861902808277127	-0.043868670336788304	-1.5228600382729558	
-0.32553619679424206	-1.9477357641694866	-1.1720773012362216	-0.9702997562597125	0.8395351348837824	-2.3670362076238756	-2.1606252891788036	-3.3183989415827058	-2.2136979204567724	0.3821400093185278	-1.1839116252293158	-0.4674801051056016	-1.5928111327801184	-0.04474668457184332	-2.5071158411186185	-3.440638149829824	-0.0016189392994126349	-0.5626712829026115	-3.009370871886512	0.5929171557481537	
0.06388384314955182	0.33694264500768195	0.34282028186869273	-2.7598924095405146	-0.26272609061285257	0.6007806146344093	-0.6384079565864331	-0.2750070324759846	0.08693294210583748	-0.09203145826738021	-0.6410729622189456	-1.258404895226462	-1.7568579674208102	-3.343883659990199	0.0019605385232945504	0.5785018948550068	-1.6591222108342625	-2.83957015523973	0.5275858636849456	-1.382971474726171	
-0.0020098823627101845	-0.006651446406482172	-0.7701849024044187	-0.14653151010517582	-0.6900079735768152	0.4041141883357293	0.5540489974389579	-0.041527882459413176	1.0233309987874675	-0.8523964593302736	1.057308739214989	0.48701287537795085	0.9284223366513394	-0.03635659091080624	0.37762194902357754	0.3744482302591601	-0.4782464752311264	0.6619256529335441	0.13324037031696692	0.017867437447992827	
0.9996280094766707	-0.27320252271814827	-0.03650744775705829	-0.4005973834357879	-1.7103706886717562	-0.6794514638158794	-0.5897533649401003	0.010839563727535154	-0.5692557066733761	-1.978724478291804	0.0627179862756334	-0.3646044483249197	-0.2234126979575124	-0.5554590281754539	-1.7039786330065785	-0.34950390665748104	-0.15121000803030887	-0.7816433659124284	-0.6639920418781557	-1.6950191581758525	
0.6334569687330166	-0.5921386263705206	0.011897491805005798	0.8228432152604004	0.7713103994958981	-0.279930883277438	0.8727648226825242	0.4324522461399337	0.9790456049096489	0.7464342232656038	0.5578746422828118	1.0644280976876	-0.21568279564825812	1.1325632118275994	0.12109803807198377	0.5589622037389057	1.0738562187253768	0.8043243901924771	0.016411154056503376	0.8372881881187125	
-0.9111096280243813	-0.09686178057204767	-0.5609349147616802	-0.5804960781852215	-0.44616418553293086	0.7466004538503426	-0.23246143282743328	0.11126051132311299	-0.5469795263659147	-0.5485760819323149	-0.03548712051634788	-1.8484250279973957	-0.8307806255640527	-0.703952207987186	-0.026576469904189076	-0.2513010066767717	-0.7784853887406977	-0.8787510889243072	0.5207088094796162	-1.9768369905458014	
0.42977703987575133	-0.30979720495093727	-0.23546094547371701	0.042718394583210265	0.09094358760175082	-0.4379874755460219	-0.03153842592662975	-0.26409858129589503	0.09413199403008786	0.13681465140571247	-0.02392340226458059	0.3897831966712128	-0.19092431365896706	0.11787429779675473	-0.3415956837631685	-0.4147294204471722	-0.04704730406282344	0.2685160673575572	-0.43677170547176297	0.2655774998007761	
1.6339881455113137	-1.2515866881219562	0.7627416523081387	2.174819223733766	1.3345898774042335	-1.1485226047414292	0.6727096651278289	-0.5328223239355624	1.650860396428254	2.1473270499958574	0.9387379016298101	1.4851210622358824	0.6456841860644723	2.3121998943943147	-0.4939875634205612	-0.3512805624559262	2.3812973972398845	0.24709859259312217	-1.2992641028501846	1.5759412268566135	
-1.1656085697903547	-0.37643926250909093	-0.6000603267509415	-1.4732461108035937	-0.7961843288224321	-0.7509520410138495	-0.9240558415537798	-0.7044945337421346	-0.7229250103390827	-0.9457462631178101	-1.8707388079366434	-0.7515798562176096	-1.9440014705086115	-1.4418402211443362	-0.33341472571401404	-0.95902492308381	-2.047704575501907	-1.280063278226338	-1.2751441340711314	-1.5308474555236535	
-0.7995556699092385	-0.20336083785585965	-0.615004100309166	-1.2076539310421706	-1.21062158722388	-0.1552539875713425	-0.28535617978107325	-0.2244519474999435	-0.15938127745993905	-0.8958042721046416	-1.1399838147235561	-0.41496351277018445	-1.2080452770571193	-1.1446007673627072	-0.5968838835699223	-0.3149327385845205	0.4009089920294335	-1.5442379220781282	-0.41235615876305426	-0.7752453321003149	
1.076369505161459	-0.33224388762846147	-0.12032875409202243	1.0395216174866027	0.9204620761080797	0.3705216179455125	0.8009627262959044	0.6019714644575713	0.9357907307778746	0.8253009208448399	0.7134943643697024	1.4056619347738937	-0.05139948355668856	1.1718506763838858	0.4277800023233647	0.6863597869715502	0.5799055116815592	0.8144142778690117	0.21680445161228704	1.485856901352415	
0.006694589380190148	0.23359815840176187	-0.323469040499506	0.12276568683182804	-0.6688560994180915	-0.3706581989727458	1.0985486271218137	-0.24923066244268213	1.3308419425354228	-0.9152905178259457	0.9094079325994109	0.6319056680357387	-0.1152028825400372	-1.1472302420106988	0.9834807447584002	1.6525446036038058	-1.3063970699312997	0.3822534377962956	1.443411739402461	-0.15302519095286776	
0.1463168453722286	-0.3773372541996447	0.008079559703988258	0.4855316645067463	0.91371900767155	-0.2370011581718916	-0.15411283793373995	-0.04307160652678216	-0.23746270135853462	0.42010734316381937	0.4589010252552861	0.5550992147008811	-0.0075335936440560965	0.20194160817830054	-1.0311744066906752	-0.47042552269736765	-0.23635279228999403	0.8998326648079449	-0.2779229607148445	0.10433695209048872	
1.4074059209614989	-0.9254656583742785	0.8154174859517684	-0.31636948639971985	0.7584847573493498	-0.38460235933029646	1.687452125603712	0.8598329386454363	0.692525735205199	0.6935693135184723	0.6102780283629945	0.41785237692037097	-0.5914575484840915	-0.5079324982086736	-0.3738403636204826	-0.536078537858452	0.656504565708768	-0.3821952080744265	0.20171049135435667	0.8906696159694086	
0.17226775938124778	-0.3569946055595387	0.2897466354478795	0.378376022699218	0.20954386001760128	-0.26066610228321047	0.24646881705141307	0.4278257592840719	0.25573440457539776	0.21605607012703656	0.6588188436819666	0.6144134807598928	-0.07681591292615933	0.3629853900547636	-0.23273160873587842	0.36429562367571416	0.41330042259551586	0.5876495224335644	-0.06562435614849546	0.5294039148847206	
-2.949854232526552	-0.05381685821121994	-1.7534924416619155	-2.663423261829432	-1.689443473249259	-0.755396816785431	-2.478270755017276	-0.39169504584593123	-1.6870048764548942	-1.8194104225889887	-1.3947864095902136	-2.7414698770709323	0.6425164379335263	-3.17653735435554	-0.7502929349826598	-0.734768997616682	-3.239499481216826	-2.148087047127266	-1.0559470175047811	-1.9943967807440819	
1.0296866547283974	0.25668031285980214	0.9789185913815093	2.8080752016673607	0.9789947728313729	-0.10266762394710746	0.5609527477348889	-0.4683175553929438	0.6026577538108244	1.7142184605114863	1.8300099948793909	1.5434692431692392	1.942052143724252	2.8643939809840524	1.3987107801370653	2.333297577956511	1.4947710379158976	0.929542546385629	0.6480832000965383	1.5331514308724574	
-0.5885350435091585	1.0671408350088951	0.6461739089463122	-3.4200281123392067	-1.0657287247803329	0.968782355039235	0.8746857539968941	-0.01643943091202952	-0.04410242132412548	-1.0385893805841904	-2.217550501296946	0.1306107904461654	-0.9811332546145151	-2.5892843892293578	0.5482329525023059	0.2653378397725709	-1.8410785903431224	-1.6236206918821512	-0.3078161896420147	-1.420032042593758	
-0.5746453608164432	-0.5704962212502157	-0.6453961482790104	-0.6611392964995763	-0.14588594379680003	-0.5435220846918375	0.1473005924552803	-0.4994188289638399	-0.5683457015143464	-0.20790200807286374	-0.4170270773933032	-0.39537297453643455	-0.5869839341901186	-0.38816348834573605	-0.8295935739902912	-0.8277625433802991	-0.056674634555915836	-0.6258303227647376	-0.46532398424570887	-0.1383191078157581	
0.4460385307316455	0.2610518943390761	-0.9561493768294301	-0.18332294873171862	-0.2952270291569402	-0.6387561524126705	-0.9372861725099221	0.5409080898476517	-0.539368773400826	-0.44694436955229	-1.2887536011319818	0.41597045171990216	-0.4649865940683592	-0.31334421258461465	-0.03790563113246091	-1.0678848945247903	-0.8527469291577573	0.2748797759146854	-1.430367890352301	-1.3150569830155407	
1.2129299771794613	-0.5647772523759939	-0.027139615078282737	1.4439048757335302	0.9964924058140068	-0.5303785053962362	1.204539950577842	-0.02455860738143646	-0.49658678833412595	0.9684833930212843	-1.1408100759926205	1.1808872887313797	-1.0978792864245692	1.5961990336865612	-0.2903340204689713	-0.6147858028049287	0.9271417422617257	0.4391785008171437	-0.4415261945082148	1.2161962650588656	
-2.0852261800037293	-0.5018773990554707	-1.4353884438788331	-0.9434396356230839	-1.9748039810564484	-0.8440686690006546	-2.656120138471919	-1.9958250297248799	-1.9244114412276636	-2.2849553463183785	-0.3948977792500198	-3.366286672905967	-0.0789099587990663	-0.8447234390903409	-1.555557230906965	-1.2971298222666634	-0.7581586763901279	-0.8559953989785002	-0.14643485605658282	-2.255935762181459	
0.3494803665376905	-0.38806882583681096	0.12578314947524769	1.469792501138105	-0.220285867690202	-0.04771493801113365	-0.2298667073528713	0.4703384916163913	-0.8416860552935133	-0.01939762936548898	1.1712378093971951	-1.2435507940718586	1.2067747181490038	1.0416656448424984	-0.32983627416944455	0.0791483189495115	0.8310256588456846	0.6179445379633727	0.7175226313680875	-0.6484612865243797	
-1.2720449382241612	-0.7848079321946597	-0.3338801316752667	-1.15563603303034	-0.8754057320554418	-0.2592250311866874	-1.5999428752612443	-0.58740493062961	-0.7038266220443813	-1.1656462781736017	-0.8692223893755677	-2.0015488132904973	-1.8517864089964673	-1.1313190450515427	-1.321729850610258	-0.8506820118986066	-0.7430058162232643	-1.3289206852510984	-0.8687454038556192	-1.706258476553332	
0.7559256491817827	0.08162040685078614	0.18717290445390272	1.4771679716442505	-0.35846785130198955	0.4137446536768738	0.7008889538434392	0.3644000528244807	1.0150203439218004	0.15073122883630263	0.7276016164039376	0.8306394883385427	0.579795684993802	0.5964626639448394	1.1227756948304004	1.1364685873812912	0.5066128274204348	0.7659031906068122	0.8289100321451528	0.6554044155915386	
-0.6315361061861656	-1.283806870205412	-0.3522843172061103	-1.6836221876866488	0.7351458421995423	-0.331358854265671	-1.977966291425129	-0.009387188783339785	-0.9353149001832781	0.5152249057208321	-1.298861693238837	-1.415379020782298	-1.5322913116432761	0.22786429829592786	-2.0001709395953	-2.5708319719129604	0.9847178376619147	-0.4603440781771698	-2.383369053168473	-0.12861035193289513	
-0.017496691759850594	-0.37775260129811483	0.40730539655675074	0.05046870292997798	0.7048095910373785	-0.01967408310506411	0.453374803863048	0.344913635347811	0.4064633385843616	0.6048170229287858	-0.045229149549106486	0.42641643954945374	0.43110233064923004	-0.09779592214261931	0.17353177261748406	0.14362437158784594	0.14374477505180455	-0.003675580345184483	0.3159612580382652	0.6625752164862307	
1.9108458075969008	0.5353627663024974	1.5179628568103054	1.7716579907224648	1.0318424075773052	0.7789016714274789	1.788367215753183	1.7468224469331872	2.0876200314618734	1.8394487223947464	1.0953102516662427	2.3694326846980878	1.5026181679312034	1.800112744402558	1.5409520119186237	1.158369720114929	0.7703426371565758	2.0019844183240574	1.5183390130379626	2.036588543926775	
0.6315545181296421	1.3624159740823352	2.307180334112256	-4.088905768807288	-0.45353782560888145	1.4493641078561867	-0.4035703765137827	2.518615248979899	0.3950514598356366	-1.54750552607265	-2.5280892499514365	-0.7950296057943186	-2.6104934620327	-4.176793172823666	1.132448395061548	1.1851326780642428	-2.2238820606193554	-3.3845975162832684	-0.2967882782129431	-0.06025508196317058	
0.3047005563236884	-0.5177209398876793	-0.4516657103883208	0.019771065283792303	-0.24409461462715787	-0.35435125790263955	0.04680729687103416	0.016878064852312746	0.07940102133239209	-0.25658045641659966	-0.07989997059727366	0.21403275217762727	0.02765686367442541	-0.29903863014295684	-0.04630278772675499	-0.2884055351896717	-0.436218734574533	0.08158654744369458	-0.28594352846779714	-0.05367980266267597	
0.8585120115010554	-0.8544763386225694	-0.868612779494304	0.8333034355087566	0.7591477956444922	-1.5326880112802137	0.31867986911777946	-1.2562341834683493	0.24529776170912934	0.2627507733979477	0.7180103772574107	0.7726159237086176	0.2236646174434253	0.6937721747963228	-1.3393576831622733	-0.6785748445843953	0.3248391754578124	1.338714280922205	-0.9806115976987064	0.8258016693119726	
-2.0821354702905412	-1.3753084975130052	-2.439608870569568	-0.1324571448424769	-0.4067458015777671	-1.0654404660041588	-2.0644691382478397	-3.4045461695350077	-3.215828183941096	-0.4859518520718515	-0.11714679517730711	-1.5829276722470809	-0.5866150842888167	-0.3656921467165257	-1.5732935027069375	-1.1829246941957012	0.39733202052383537	-0.21726314955704892	-0.8177438380892273	-0.3450780058071188	
-2.283573968505171	-1.447594568882648	-2.0826342005392005	-0.5365195171022495	0.28404930012362883	-1.776583779587055	0.044774370021418215	-2.2264305923579806	-1.3032310797925544	0.42597118310955806	0.33680207288560665	-1.1309496653022197	0.035556089277601316	-0.2977804726455822	-1.2253036526384538	-1.5373897202443088	-0.058974725438431644	0.33486240519974775	-1.313053758592505	0.117054278767361	
-0.2887807393930126	-0.28932586504434427	-0.09691001668804214	-1.9435338850330617	0.9565411877319624	0.6815819190679909	0.3503681594601591	-0.2552184006798102	-0.0024546426378485487	0.7235605630626626	-1.1167367250392035	0.29204246982557613	-1.7431278261386123	-0.4946871716782395	-1.046085249475762	-1.1467539142023895	-0.12158634525207855	-1.5789295147610465	-0.5915251727846532	-1.359726974129011	
-0.44271702192496365	-0.5500918033611457	-0.12945673986586378	-0.5915694149523961	-1.6237975320200275	-0.2566666335295551	-1.2647048999143573	-0.37275821991327684	-0.4946941774717233	-1.1849108481834838	-0.7616364959249492	-1.0582953235276966	-0.7412931132097537	-0.3511751175486519	-0.45484026149257034	-0.5669727312498445	-1.1252868772452167	-0.8371862840387864	-0.09910251428891366	-1.0490795989419328	
-1.7042759814997614	-0.3706790879205852	0.0612643512720438	-0.3350020692094109	-1.042975808070037	-0.37506492217622867	-2.1043874499350257	-0.3314746069812485	-1.6520968613545988	-1.4017491042717036	-1.4155459859346595	-1.6521495989288661	-1.7352927290868212	-0.5954839798824636	-0.9199576743339662	-0.5371992410314634	-0.9060501329982041	-1.2472163820088549	-0.34273411958421734	-0.9392443871503816	
2.7322914739831505	0.6420601463418163	1.4672485589509652	1.6183629821609826	1.2762104932133327	1.006015493570669	3.4715779066968513	2.3843855157026175	2.496408949885955	1.2428407965503647	1.4555952375283383	3.22193512395215	0.7141345092867941	1.5823574189658258	1.315632862947595	1.6736546399459378	1.794557074733231	1.4242418922936344	1.1520970542876625	1.770589565112021	
1.2534076856457406	-0.045222747405717495	0.36027947277793015	1.0518847547726418	0.3675050233054376	-0.1531466011426057	0.1373574515935969	0.3927140367020639	0.44448472302021413	0.8519738150475572	0.30920147993823555	1.1771062137128727	0.7433915039645032	1.1494013850225704	0.35871474667579395	0.8037738256200098	1.341613860780904	-0.5687048757251224	0.479905376266364	0.9837967023103129	
-0.48177359373871287	-0.46479751449416024	-0.2992396177862194	-0.34898826191774507	-0.28185852788730453	-0.47111147462184677	-0.40282203242679177	-0.2686992914869479	-0.429679725989539	-0.4117799066072243	-0.5263756592969105	-0.4505114632684011	-0.46918642459146315	-0.36862986466954356	-0.4614082585419696	-0.40689218092166685	-0.47534361932628555	-0.3278159118233806	-0.5567962095759179	-0.45308624030194516	
-0.5517145543213887	0.1261300727794499	-0.4475093480643278	0.856347844018415	-0.570396221837431	-0.16630535233907054	-0.660437145966927	-0.2594284570664245	-0.961281359757239	-0.655444791507502	-0.48761194069773106	0.32114329735457303	0.8802153898529363	1.1940041625464455	0.507895322813908	-1.1780146646876424	-0.3509020516045068	-0.002025341050297192	-0.2974327834716053	-1.2086076870581726	
-0.6735482910069881	-0.40451759201496146	-0.7873226174927432	-0.4076394321700931	-1.3904215421115775	-0.5040449787663616	-0.4331165997693069	-0.18015476929169807	0.46117940457680756	-1.3002648964855905	-0.813428176455538	-1.1366541950396631	-0.8401291281242718	-0.8131144589131017	-0.0987614247511507	-0.29076461984708357	-1.1090720897533133	-0.8560871958978918	-0.2160033665928318	-1.7814509788191721	
-1.0928391045522041	-0.352149067616768	-0.7817495059142242	0.03104630899757667	0.007196593773563198	-1.1051684951539598	-1.2144844181215526	-1.0596614466307874	-0.518420809472976	-0.16362806765272334	0.05574335029635732	-1.1313643759494145	-0.287425678122864	-0.12622365778919056	-1.1216967552920756	-0.922954615710859	-0.36131971938852037	-0.1631097733753321	-0.805814191038738	-0.218589727076991	
1.4899765664529172	0.4138787883717214	0.8174321131835149	0.49626724930309635	0.3490967127036857	0.19356296727433167	0.9412660877648193	1.1988999021140219	1.1514435956290818	1.10367627690815	-0.05131114971621612	1.6434254039464269	1.2222981941142934	0.6351452210013171	0.03185265975231239	0.5351945224946056	-0.2703686150732273	1.947271839600201	-0.09208256693917995	0.8538038001312535	
-3.110336511974831	-0.4707892866818306	-2.1237597683833744	-0.9907164745526855	-0.88007906696742	-0.5101092861571461	-1.3897131063966157	-1.4076372535277946	-1.4308681239715972	-0.8701930301393513	0.14146619232920407	-2.9588615377078673	-0.5233233466873671	-0.9817490564946458	-1.645407342880604	-0.6652818590510039	-0.4202700615230654	-0.058473213809405754	-0.764562932274633	-0.7890337827095132	
2.1419135207981834	0.08861232510222715	0.6013760647146372	0.5408782042609861	1.7608482008514679	0.6121492779968386	1.7093525123308415	1.6632377164176997	1.0274521917501207	1.2547962965689656	0.7332565361294238	1.4379766976780504	0.37658815939727497	0.37463652037318895	1.4175454459234444	0.5336446864790872	0.48769791594107703	1.9731665003261032	0.1838883529576454	1.2786740278656157	
1.6248987153113053	0.29778062263116406	1.868420549182013	-0.48530837968816165	0.02825985204336924	1.5681954834578915	0.9401335152878153	3.8061966296746483	1.799233265053092	1.2542388899379884	-0.25294940598035304	-0.2772396248376254	1.6043788762403177	-0.5307852398109958	1.859041437612265	1.6798922039582678	-0.12309716429999498	-0.24810083780904568	1.9673316446249618	-1.0302398376102166	
0.8306326552133654	0.3187999634318608	0.14947705516375284	3.127816712234179	0.8032242469816635	-0.12371136752834214	3.0193216860725953	0.34517810777074165	2.115500965799591	0.9903981986628388	1.5675649734690271	3.3235314087706604	0.5820508422176202	1.5840985886378822	1.5048981716314707	1.3948475594669354	0.4255899560708844	2.322989053332551	1.3978288894969673	1.5411611982600455	
-0.8833181008089144	-0.7491156788663811	0.3984588161487676	-1.8321512961676574	-1.7415589579476964	-0.8139431171951423	-3.3209404633260595	-1.2209214140009765	-2.080617592221208	-1.890772132509622	-1.5667930623038768	-2.2055380521352017	-1.449765223195307	-1.6491807816493054	-2.0124997379807277	-1.0468968887847414	-0.7124097656736135	-2.623395625060125	-1.4189449373649865	-1.9542381265255853	
2.055092774210125	-0.37810967180517535	1.2972568800433903	0.9544181472354831	1.9438267332922763	0.3634401597659109	1.6369715821982966	1.5981142622577729	1.3176493896491044	1.7042879980111665	0.7688954316177725	1.4772179143677315	1.0080066512432264	0.9195640103703178	1.2600138043981552	1.1828310033936464	1.0359339894868647	1.1751112077428927	0.8239554621207168	1.5155788501343577	
-0.6997606391228038	-0.1286670422850232	-0.9015950843291333	-0.1447355273577567	-1.5330794639551952	-0.5227886525150874	-1.858952469945513	-0.6466822787150437	-1.8954361163523274	-1.3640617148667096	-0.27177022915318594	-2.416467413327456	0.2085538722083681	-0.039319061097300795	-1.1939473732875754	-1.004982659268965	-0.5353513951566901	-1.072030663452031	-0.22226325934645544	-2.1062764618766887	
1.0620602156578203	0.7829758756932544	0.9436331901615308	-0.2315306930710924	-0.4060223698321064	0.5872132012750491	0.7987498841935607	1.384137883824955	1.4638449245989353	1.3937251068856051	0.15951424491485897	1.2678130805457617	1.7865316714996577	0.10546222850682947	0.0412889354190794	1.2944635783283123	-0.44008907449728013	1.5946681571007844	-0.26619211720709784	1.190006585215763	
-1.600599056339803	1.5222292803024882	-1.1714898388034563	0.6934394580673632	0.6780614642550657	0.16365541364198474	0.21733287677027	0.3478477675981032	-1.2154743952486153	-0.3083642214111696	0.8808480722948172	1.3122320674404082	0.7735952820890438	0.6892886778357138	1.8585126222217714	-0.4443974871882369	-0.44577295168118997	1.1019922455015996	0.549495998904189	0.6956246343658182	
-1.5452178834935304	-1.250637892570285	-1.1373928590013216	0.1635137111441092	0.0052402632141928755	-0.9149873897113805	-2.1157103547860374	-1.7309596193335288	-1.3020698859261128	0.05296672748275708	-0.11092028038214696	-1.8572421376083814	-0.3661681369749182	-0.3541840708594122	-1.5943447964978454	-1.7971020276927896	0.44321943987980167	-0.42404557718712976	-1.5660323161245135	0.18060369021949438	
-0.45016410538488505	-0.31665639869094137	0.46841826461668945	0.19684463117056886	-0.4712377093095587	0.67381548547579	-0.18303035100898365	0.8848100125131704	-0.16442980573624094	-0.15219923640773178	-0.05553029521962601	-1.187074214962698	-0.6841177369310807	-0.11838350422236585	0.2573677730451365	1.0298685274563535	-0.11257527842002509	0.3208544311940543	1.6965306040139698	-1.72082738384105	
1.1631796370795775	-0.5172778686313305	-0.9983190249115521	0.2912765533523004	0.6226048972796707	-0.526926113938516	0.688744886619538	0.8315142800680628	0.32653846822927035	0.19444752220231012	0.066516358781187	-0.034209228583575564	-0.16472144881367137	-0.12199852256820254	0.2066923746868741	-0.34335915133887895	-0.6474651623096016	1.0085868389221617	-0.38842487634212786	0.6923583498065391	
0.5866177029382804	-0.46844395029424485	-0.7880105396948448	0.17809210561496644	0.3790110462676712	-0.39565268296462336	0.3970135569700244	-0.3630229030956806	-0.4983678291951659	0.43696221346049463	-0.8433069726034296	0.18149009549868259	-0.7994672372814529	0.28898937895826426	-0.7197826535074594	-0.4502307345436183	0.7925635160367477	0.18387731470320468	-0.7576419879172982	0.46457445670351066	
1.3385138097225449	-0.05739080623024227	-0.43984225820147804	1.2920121615928604	1.4885870502010694	0.11602225522929661	1.7585495790708499	0.3053484672791397	1.3691043730242989	1.386606765865182	0.9694028589141823	1.8337890408071897	0.8875685477846323	1.4883955929958814	0.6920808476586259	0.23786509206710915	-0.8250218354572867	1.530799749789682	-0.19194545720862294	1.6545442414739648	
-1.040721341144844	-0.8681565015151121	-0.603732048223575	-1.8107017491750028	-2.357618896939878	-0.23359463682716006	-1.9487386773755908	-0.5296966629892145	-1.0399886503793052	-2.4158425766211455	-0.4353840184628075	-2.6448591279661517	-1.5255479029374057	-2.4020026193490653	-1.3409892180723946	-0.11293801054896135	-1.9508417242899243	-2.3241906950381646	-0.45347716014194195	-1.386183227705259	
-0.2457166196200274	-0.23327655152529667	-0.48988554567776205	-0.3056953471331208	-0.2693537442284099	-0.4347982593978839	-0.25217109354698114	-0.15659612728919878	-0.026113857739573858	-0.14720819104370972	-0.10076676643231407	-0.1716012154323518	-0.030822546973303035	-0.10588707530468318	-0.2716800790785716	-0.16056694565745994	-0.14217276777038912	-0.15640294939193686	-0.2623398000879923	-0.1468465059319538	
-0.10550132647755181	-0.30328639944155295	0.397970852187759	0.6638973413952685	0.8813089433553439	-3.617514916511494E-4	-1.0507690647383052	-0.8607739622857135	-0.33138278632562473	0.33875190977047326	0.6632437033192857	-0.21744357165176015	-0.022976577720405036	-0.019137141699742857	-0.32295326103914646	-0.31578800407006563	0.2091838742417914	-0.6384685655635699	-0.17879178699777554	0.31123735869009805	
-1.4648279105363637	-0.37474475708759364	-0.1734611232327385	-0.3253031478834114	-3.171962204871487	-1.299621430539907	-1.1731159756694647	-2.0448829374410433	-0.23199568252368136	-2.4315667411663906	-1.433461670930478	-0.9260184388608409	-0.5883157933751266	-1.2638973108183174	0.015065697777420313	0.08249081059617464	-1.775975604390307	-2.2057942007243367	-0.4102089555977104	-2.1968073353641433	
-1.1176379573540616	-0.7659382619155793	0.517389612537739	-2.614347745416937	-2.4099546792760345	-0.038013836793964494	-1.4690960560199713	0.20204408259109546	-0.7286588389765645	-2.0428214808952765	-2.733767394597779	-1.7054700987180502	-2.3009024613929348	-1.7855836484029335	-1.1477249450423403	-0.5355342916398147	-1.2613659854882755	-2.5270608830308663	-0.3310768067947931	-3.351659022218259	
-1.766201640484625	-0.8178007818687503	-1.0968011900645276	-0.4700136295137371	-1.397251807567935	-1.3294959080182616	-1.3736321256036228	-1.7891308837369395	-0.6111634144300088	-1.2227526874411356	-0.46813319419795907	-1.2799111009141073	-1.3954425295202386	-0.8845123570246933	-0.9822483870101023	-1.0308921612857576	-1.078757259815094	-0.8217097933838063	-1.198427396699822	-1.0120259024089635	
1.1160809639101816	-0.3578999886031032	0.1966231160371429	0.5813424351139225	1.366522513921896	-0.33265113776025074	1.058363509762014	0.6117666110916032	0.5206687712221031	1.6671687878234924	0.6703259994275217	0.9245220397737919	0.23649161093384904	1.2545558448034781	-0.8362890854000845	-0.47375273445553023	1.7383854879875367	1.9909110975457551	-0.4279941107062031	1.586207063337698	
0.2716161043453549	0.8180274331324546	1.1594424425472285	-1.113488712339037	0.0587668203934849	1.4594190549719557	0.8001025266827658	1.9333689499814535	1.2645632167220267	-0.32993071099888616	-0.2973735838279712	1.7723271035373207	1.20911461302682	-0.6458920380341294	1.422708634135929	1.600875528235283	1.2913031795730177	-0.01501583814972835	1.392115532440187	0.5329816315169438	
-0.4349192617145027	-1.126921582379998	-0.5219019580724878	-0.3250761717460767	-0.42388649323794264	-1.337031869989922	-0.10278198894251143	0.01195735709474688	-0.6104949782663853	-0.1794788037962918	-0.6658412843723348	-0.7397933244986947	-0.8551568915507936	-0.05259165504394804	-1.5192643464509952	-1.5132235750536778	-0.1838624393626418	-0.8285138893738164	-1.5521682579905192	-0.3594287190009236	
2.515783702934463	1.0636935494971633	1.706011429519943	-0.008603504401949857	2.5735936365880714	1.4273938146377945	2.389043499013008	1.3178294312847385	2.098387711017164	2.149769208463343	0.09360494774573008	2.944122829618421	-0.12015334728598545	0.08192638210704256	1.8112116477056743	1.745930727651327	0.3396827157864883	0.43554510418333825	1.7262298125529583	0.33401037861311356	
0.10274342212603002	-0.567357272363906	-0.01655238634692739	-0.08615283401882269	0.6109295048912831	-0.4371515316518524	0.9151888397005462	0.06347140235096865	-0.03293135405793647	0.21987770924792507	-0.10299825491768158	0.19619271511270914	-0.1579217474076002	-0.13027943907060643	-0.7550171817562676	-0.34108061409909646	0.49608345629416684	-0.3012997809097913	-0.23551420334521814	0.45237569735856437	
############################################
-1.7356467269045366	-1.6316538220622905	-1.7883547012442433	-1.6913152169171048	-1.7504112137965224	-1.6113747581471147	-1.6933011770577109	-2.060504059443976	-1.7159237283049413	-1.5627283239665832	-1.6291023327492546	-1.7083207899558113	
-0.9450336343316732	-0.8985733202385884	-0.7959438801009722	-0.9292521927013048	-1.0122998866656814	-0.9404571024497945	-0.886569704977974	-0.2341161154279385	-0.9020744847455697	-1.1133581413478604	-1.0283055471109552	-0.872077036193881	
-1.3805286875697844	-1.3287695439981566	-1.3458541754255176	-1.4989583322135502	-1.5173151278321242	-1.378884738742312	-1.2778544893848707	-1.380147388775919	-1.4494753545449373	-1.4328909813917723	-1.5165131892893728	-1.456601258840212	
-1.590582701655754	-1.555021779575571	-1.6261025949479866	-1.5667348173698725	-1.719452773105367	-1.6552581494094443	-1.6207046392825513	-1.890875768158481	-1.6472277491299687	-1.542927106601568	-1.4967465084571645	-1.560799116052028	
-1.5692787534865325	-1.6089287421565257	-1.6220343924330152	-1.5404208153891117	-1.6215612620895867	-1.608394423889427	-1.473752855659153	-1.8552395046045982	-1.6710571588814127	-1.7174675942918387	-1.66893223897437	-1.6009977743775514	
-1.145579648549221	-1.1341874279538882	-0.884039940539247	-1.20870452164226	-1.2311228441377553	-1.1719475028738102	-1.0402091960464668	-0.5794964634467377	-1.21360676307459	-1.1586062113553695	-1.154957418109252	-1.056471806458124	
-1.6407045314097475	-1.5723666520707111	-1.57197850627932	-1.64057153479913	-1.5931219005612738	-1.613660281114208	-1.6128471080944966	-1.668958106622861	-1.6240520166280075	-1.5229276157246618	-1.5855527496854103	-1.6283203485458126	
-1.6573433848347847	-1.5792748887463346	-1.593219342311155	-1.7034461240604613	-1.6876146934026197	-1.6708240274279953	-1.532682986359562	-1.615203142794372	-1.6835235994212545	-1.7393207768513819	-1.6413597733124097	-1.5938036572693708	
-1.538898473044299	-1.4684408930446409	-1.5058200662707797	-1.5135916677208436	-1.5391023317273287	-1.4482717738524309	-1.5149577516387012	-1.4434224788718033	-1.461020911494972	-1.3662409756893603	-1.4887937536898321	-1.3899352027070593	
-1.3488557099968173	-1.3889533307582442	-1.4400920352589874	-1.441507808432309	-1.4095737809034588	-1.3137406469403778	-1.3270269282341525	-1.5642217730746033	-1.396942759755945	-1.3288364824545387	-1.3821258641990135	-1.3325399218199718	
-1.1931465815804474	-1.3537907834441507	-1.2071623146277886	-1.2610382644254885	-1.313652862762024	-1.2730482982326417	-1.2153427828882242	-0.7210061813002138	-1.2775713349757092	-1.1843433840938666	-1.2577842675313087	-1.2768254402998922	
-1.7616989867812531	-1.6629942692298267	-1.7064545930754085	-1.7701701197267588	-1.7437718081122142	-1.708449641076665	-1.745694128816443	-1.880377752573169	-1.7293371700437699	-1.6993131176164433	-1.6114380877676424	-1.6542369352904456	
-1.0459638869449173	-1.1366796036586064	-1.0924429635901225	-1.188171490665497	-1.0408510845924726	-1.123198870176012	-1.0678051220657159	-0.6863124390238595	-1.0782198448986056	-1.0919874838667019	-1.070896749126578	-1.0074478623644736	
-1.7130717623222749	-1.6373974460252605	-1.671802118230428	-1.77625942191541	-1.6904079843955189	-1.5610566248591424	-1.5685427193633363	-1.9121758249672653	-1.6939556373133318	-1.716630392375273	-1.604633630828164	-1.6887161413449447	
-1.5016889376524716	-1.4840665938833877	-1.5249025174823163	-1.4080099364241359	-1.5102408446139015	-1.538585590387324	-1.515843365772529	-0.7872286474698916	-1.4937479878774882	-1.4730772260643252	-1.43723046574371	-1.401162866329545	
-1.4526747972747527	-1.3465396685482651	-1.4602225604225338	-1.3848130585571976	-1.497519115972579	-1.4449631694810825	-1.378281919833616	-1.0281168630958601	-1.3693483320808248	-1.3995032513174905	-1.361478901600637	-1.355033813257869	
-1.4290367639680144	-1.4270259306719089	-1.513944138705392	-1.4830015003960548	-1.4809666502921297	-1.4244937325932714	-1.4853295258460166	-1.7104265340836027	-1.3919335501008843	-1.3734647174845258	-1.545049661108671	-1.4328978158569678	
-1.526968407465099	-1.6098348308696238	-1.6281838255702779	-1.4954607832071958	-1.5836241515657232	-1.4560994097448197	-1.5386711365986712	-1.2799888337642678	-1.5900727134414196	-1.4867593317082723	-1.486248754364692	-1.4497194085670777	
-1.2906025861264538	-1.2929366703148155	-1.1388522353125516	-1.1399302204343975	-1.3386060350019808	-1.22455218512765	-1.1821134703680964	-0.6915262056818937	-1.267748711038792	-1.263453391250927	-1.192561242058555	-1.1366631875806854	
-1.7036653336805407	-1.5732010164301509	-1.6207984557699453	-1.6489362389322353	-1.6181701340060288	-1.6577603668734784	-1.6518881367279175	-1.8702495653934113	-1.6688138511917947	-1.6942249554236217	-1.608004925993154	-1.641270102627586	
############################################
2.2986174918678546	
2.2558126172630475	
2.2401123660339946	
2.2764156872022205	
2.32739377486855	
2.2965717699932813	
2.204096482467099	
1.9447677923746034	
2.27825289973773	
2.2595055448555983	
2.234884665147589	
2.1790311779941187	
############################################
~~~~~~~~~~~~~~~~~~~~~~~~~~~~~~~~~~~~~~~~~~~~
2.1582771778229755	-2.0616517373601475	0.3553672648889901	0.4667803992712266	1.5323311388915906	-1.243083607667791	1.3396607622604904	0.632205963994252	0.904129622304347	1.5505046393752866	-0.7246629655285701	1.6498453316471642	-1.0137545935853611	0.8028622033266472	-1.4741972387695745	-1.2173426432282648	0.4632574370265636	0.3752868180253459	-1.2499672696182136	1.1622122493974254	
1.4905025856987406	1.5126383190885313	1.4460128250635615	1.5161735852973381	1.4504912641959224	1.5263882991860416	1.4567432590219842	1.481263469868689	1.3651545776071008	1.553093276133028	1.413136582645649	1.3952900484445814	
-4.922098116091198	
