2.4
-0.9
-1.17
-0.97
-4.6
-1.4
-0.6
-1.9
-2.1
0.11
-0.27
-1.2
-1.27
-3.08
-1.87
-0.22
-1
-0.7
-0.6
-0.7
-0.9
-0.8
-0.8
-0.2
-0.3
-0.3
-0.7
-4.1
-0.5
-0.1
-0.4
-0.8
-0.9
-1
-0.8
-0.3
-1.29
-0.65
0.1
-3
-2.4
-4.8
-4.11
-1.25
-1.8
-1.23
-2.5
-3.12
-3.39
-2.65
-3.12
-2.75
-2.42
-3.2
-3.37
0.5
-1.85
-2.56
-0.7
-1.19
-1.68
-1.6
-1.17
-2.28
-3.5
-1.1
-4.7
-1.8
-1.1
-0.6
-0.3
-1.9
-0.8
-4
-0.3
-1.3
-3.2
-0.9
0.2
-0.4
-0.4
0.2
-4.3
-1.3
-2.5
-0.3
-2.2
-2.5
-2.7
0.5
-1.6
-2
1
0.1
-0.98
-0.2
-3.13
-2.12
-2.72
-4.13
-2.05
0.41
0.4
-0.45
-0.12
-1.9
-2.8
-0.27
-1.66
-0.48
-1.7
-1.9
-0.08
-0.05
-1.5
-1.29
-1.72
-0.56
-2.31
0.3
-2.7
-3.4
-2.5
-1.3
-1.1
-1.8
-2.4
-3.3
-0.41
-2
-0.3
-4.03
-2.57
-1.4
-2.1
-0.8
0.9
-0.2
-0.4
-2.2
0.48
-1.3
-1.3
0.2
-1.91
-1.65
-0.96
-1.05
-1.6
-2.39
-1.34
0.2
-1.73
-0.7
-2.32
0.69
2.44
-1.36
0.36
-0.45
-0.86
-0.1
1.9
-0.9
1.5
0.5
-0.9
-0.77
-0.26
-0.62
0.03
-2.08
-2.87
0.94
-1.23
0.67
-1.44
-0.93
-2.11
1.24
1.14
-0.14
0.74
-0.78
-0.5
-1.36
-6.12
-2.53
-1.5
-2.9
-2
-3.2
-2.2
-3.9
-2.8
-3.6
-3.1
-1.6
-2.4
-4.7
-4.1
-4.7
-2.4
-2.6
-3.6
-5.4
-1.8
-3.9
-1.4
-2.4
-3.4
-5.3
-4.6
-2.5
-0.7
-0.7
0.5
-0.5
-0.9
-2.6
-3.5
-4.2
-4.6
-0.2
-2
-1
-1.5
2
0.6
-1.1
-1.6
-0.4
-0.7
-4.2
-5
0.8
0.5
-7
-5.2
-1.9
-0.6
-2.1
-7.4
-2.5
-4.4
-6.6
-1.3
0.8
-1.2
0.1
1.1
-0.9
-1.6
2.8
1
-7.7
-4.6
-1.4
-5.2
-3.5
-6.1
-4.1
-1.9
-5.7
-2.9
-1.5
-3.7
-5.1
-0.2
-2.1
-0.2
1.6
-1.2
-0.8
1.2
-1.5
-3.7
-1.6
-0.8
-0.7
1.3
-0.3
-0.6
-2.2
-1.4
-3.1
-0.6
-2.7
-1
-5.3
-2.1
-1.6
-2.1
-0.1
-3
-3.5
-4.1
-5
-3.1
-5
-3.5
-0.4
-0.4
-0.6
-1.2
-2.15
-1.91
-2.15
-1.09
-1.88
-0.96
-0.8
-3.41
-0.47
-0.62
-0.52
-0.7
-0.29
-0.74
-1.07
-0.47
-0.32
-0.68
-3.84
-2.11
-2.39
-1.27
-3.84
-1.09
-2.12
-3.52
0.08
-0.03
-4.25
0.21
-0.55
-0.67
0.42
-0.49
-2.32
0.21
-0.99
-0.65
-3.19
-2.64
-1.33
-1.38
-2.37
-0.26
-0.5
-3.82
-0.83
-1.21
-1.57
-1.76
-0.17
-3.34
-0.02
-0.6
-0.58
-0.89
-0.8
-0.85
-1.16
-0.32
0.23
-0.02
-0.76
-0.69
0.04
-0.46
-0.64
-2.43
-1.03
-1.47
-4.88
-1.95
-1.51
-3.24
-0.38
-1.45
-3.5
-1.15
-1.1
-2.3
-1.5
0.7
-3.2
