-0.8
-0.7
-1.9
-2.6
-0.5
-1.2
0.8
2.1
0.7
-4.2
-2.0
-1.0
-7.4
-1.5
-4.2
-1.2
0.2
-3.1
-5.0
-1.2
-2.1
-0.9
-2.5
-3.4
-0.3
-3.3
-4.3
-1.7
0.5
-2.0
-2.2
0.0
-1.1
-3.5
-1.5
-1.9
-0.4
-1.8
-0.2
0.1
-1.3
-1.3
-1.1
-2.5
-1.8
-2.4
-1.8
-4.7
-3.0
-2.4
-0.3
-1.1
-0.6
-2.7
0.5
-0.4
-0.8
-1.9
-1.6
-1.4
-2.0
-1.3
-4.0
-0.3
-2.5
-1.9
-2.8
-0.9
-3.2
-2.7
0.0
-2.2
-4.6
-0.1
-0.2
-0.3
-0.3
-0.4
-0.5
-0.6
-0.7
-0.7
-0.7
-0.8
-0.8
-0.8
-0.8
-0.9
-0.9
-1.0
-1.0
-4.1
0.4
0.2
-1.73
-1.3
-1.3
0.2
1.0
0.5
-1.2
0.2
0.0
-0.2
0.1
-0.3
-0.5
0.5
0.2
0.3
-0.12
-0.3
-0.3
-0.2
-0.7
-0.7
1.1
2.0
1.0
-3.5
-0.2
-2.2
-1.4
-3.2
-0.7
-2.7
-1.1
-0.6
-0.1
-5.3
-2.0
-0.7
-2.2
-2.6
0.5
-1.5
-4.3
0.8
1.6
1.2
-1.5
-2.2
-1.4
-7.0
-5.2
-2.5
-0.6
-2.1
-1.9
-2.7
-0.6
-1.0
-3.1
2.49
2.4
-3.08
-1.17
-0.97
-1.29
-0.65
-1.66
-0.27
-4.03
-2.57
-0.7
-1.85
-2.28
-1.68
-2.56
-1.19
-1.17
-0.08
-0.55
-0.45
0.41
-1.81
-1.25
-1.23
-0.98
-0.25
0.1
-3.12
-3.2
-2.75
-3.39
-2.65
-3.12
-2.42
-3.37
-1.2
-5.9
-5.0
-5.7
-6.9
-2.64
-0.46
-1.27
-1.09
-3.84
-4.88
-3.82
-1.95
0.21
-4.25
0.04
-0.69
-0.68
-0.32
-0.85
-1.16
0.08
-2.12
-3.52
-1.34
-1.03
-0.64
-2.43
-1.88
-0.38
-1.51
-3.24
-1.57
-0.47
-0.62
0.42
-0.8
-0.89
-0.29
-0.52
-0.7
-0.47
-0.74
-1.07
-1.09
-0.49
-2.32
0.21
-0.99
-0.49
-1.3
-1.33
-1.38
-0.02
-0.6
-0.96
-0.65
-3.19
-1.76
-0.32
-2.37
-0.26
-0.5
-0.17
-0.02
-0.76
0.23
-0.03
-1.47
-0.7
-0.58
-0.8
-2.11
-2.39
-3.84
-3.41
0.0
-1.21
-0.83
-3.34
-1.1
-4.0
-4.6
-0.22
-2.53
-1.34
-1.27
0.11
-1.87
-0.27
-0.56
-2.31
-2.11
-1.58
-1.29
-1.72
-0.05
-2.23
-2.14
-1.6
-1.87
-1.5
-4.8
-1.49
-4.46
-0.98
-3.52
-0.9
-1.1
-2.2
-2.1
-2.1
-0.9
-0.8
-0.6
-1.27
-1.06
-1.59
-0.98
-0.99
-0.6
-0.66
0.51
0.94
-0.77
-2.11
1.14
-0.78
-0.5
-1.36
-1.23
0.67
-1.44
-0.9
0.03
-2.08
-2.87
-0.74
0.33
0.05
-0.57
-0.9
-0.56
-0.44
-0.51
-0.13
-0.15
0.34
-0.26
-0.41
-0.49
-0.57
-0.66
-0.3
-0.39
-0.71
-0.69
-0.17
-0.4
-0.4
-3.71
-2.26
-0.41
-0.3
1.5
0.5
-0.9
-0.2
-0.2
-1.9
-1.7
-1.9
-2.0
-2.8
-2.3
-0.98
-1.49
-3.52
-4.46
-4.8
-0.95
-3.33
-2.6
-1.4
-3.6
-5.4
-1.8
-3.9
-1.5
-2.9
-2.4
-4.7
-2.4
-3.4
-1.6
-4.1
-4.7
-3.2
-2.2
-2.4
-3.9
-2.8
-2.0
-5.3
-3.6
-3.1
-4.6
-2.5
0.12
0.06
0.3
0.18
0.38
0.74
0.09
0.1
-1.1
-0.6
-0.5
-1.3
-0.9
-1.4
-0.7
-1.2
-0.9
-1.0
0.1
-0.7
-0.1
-0.4
-0.2
-2.72
-4.11
-3.13
-2.12
-4.13
-2.05
-4.8
-3.01
-2.94
-1.94
-1.95
-0.35
-0.5
-0.9
-2.6
-4.3
-4.6
-5.3
-7.7
-4.6
-1.4
-5.2
-3.5
-2.1
-3.0
-3.5
-7.1
-6.1
-4.1
-1.9
-5.7
-2.9
-4.1
-5.0
-3.7
-1.6
-5.0
-4.4
-6.6
-1.3
-3.7
-5.1
-0.2
-0.3
-0.6
0.8
-0.4
0.6
-1.1
-0.9
-1.6
2.8
-2.1
-1.6
-0.4
-0.4
-2.1
-1.6
-0.8
0.0
-1.6
-0.7
1.3
-1.3
0.1
-3.3
-5.1
-3.5
-2.1
0.0
-0.2
-1.2
-0.8
-0.26
0.14
0.43
-0.48
-2.6
-2.65
-2.65
-0.64
-3.15
-1.56
-2.32
0.5
-2.36
-1.36
-3.3
-2.6
-2.5
-5.0
-1.1
-2.3
-1.5
-3.2
0.7
0.0
-2.52
-1.81
-1.69
-3.1
-1.07
0.42
-0.56
-1.02
-2.47
-1.06
-2.23
-1.52
-1.02
-1.83
-1.68
-3.66
-1.57
-1.09
-1.4
0.18
-0.86
0.27
-0.36
-4.83
0.27
-1.14
-3.7
-3.1
-3.3
-3.7
-0.15
-0.25
-0.1
-0.7
-0.7
-0.05
-0.2
-0.2
-0.15
-0.5
-0.55
-0.02
0.53
0.26
-1.91
-1.67
-1.48
1.63
0.55
0.77
-0.33
1.9
-2.32
0.69
2.44
-1.05
-1.34
-1.6
-2.39
-2.15
-2.15
-1.2
-1.91
0.36
-0.45
-0.86
-1.36
-2.51
-2.3
-2.78
-2.89
-2.42
-2.66
-2.66
-2.22
-2.39
6.8
-0.96
-1.65
-1.91
-0.76
-0.72
1.1
-1.9
-2.2
0.2
0.84
1.0
-0.93
1.24
-0.14
0.74
-0.26
-0.62
1.07
0.89
-0.63
-0.5
0.36
0.17
-0.96
-0.89
0.6
0.35
-6.7
-0.96
-2.15
-4.78
0.24
-0.24
1.32
1.15
-2.49
-2.32
0.43
0.91
-0.14
0.19
0.05
-3.4
-1.5
-1.2
-3.1
-4.4
-2.0
-3.0
-0.1
-4.9
-1.5
-2.0
-0.5
0.2
-0.4
-5.0
-4.9
-5.7
-4.7
-1.16
-2.29
-1.38
-1.16
-1.47
-1.18
-1.17
-1.86
0.2
-2.08
-2.83
-1.58
-2.86
-2.46
-2.66
-0.27
-0.78
-0.69
-2.53
-6.12
0.48
-1.8
-1.2
-1.5
0.0
-0.2
0.7
-0.29
0.33
-0.05
-0.29
0.22
0.17
-0.22
-0.1
0.22
0.07
-0.31
0.19
0.19
-0.12
0.0
0.2
0.0
-0.4
-0.4
1.7
1.9
0.1
0.1
0.9
0.9
-1.4
-2.4
-0.8
-2.6
0.8
-1.3
0.5
-2.5
1.3
-2.8
0.6
-1.2
0.6
-2.6
1.9
1.9
1.7
1.3
0.8
0.5
0.5
-0.8
-1.2
-1.5
-1.6
-1.8
-1.8
-1.9
-2.3
-2.7
-3.6
-5.9
2.0
4.0
1.0
2.7
2.4
0.3
-0.3
-0.2
1.6
1.1
0.1
1.8
2.0
-0.7
2.4
1.1
0.7
0.4
-0.1
-0.1
0.2
-0.3
-0.1
0.5
-0.1
0.8
0.1
-0.4
0.3
0.1
0.1
0.0
0.4
0.8
0.1
0.3
2.0
1.8
1.0
1.0
0.9
0.9
0.8
0.8
0.8
0.6
0.3
0.2
-0.1
-0.1
-0.4
-0.4
-0.4
-0.8
-1.6
-0.6
-0.6
0.0
-1.3
-0.6
-1.1
-1.8
0.6
0.9
-0.1
-1.1
-1.1
0.1
-1.7
-2.4
0.0
0.0
-0.1
-1.2
-1.5
-0.8
-2.2
-0.8
-0.7
-0.1
-0.5
-0.1
-0.3
-0.1
0.6
0.3
0.6
0.1
0.5
-0.5
-0.2
-0.1
0.0
0.3
0.3
0.1
0.4
0.2
0.5
0.5
-0.8
-0.1
-1.0
-1.1
-1.1
-0.5
-0.4
-2.4
-0.5
-0.2
0.6
-0.5
1.1
0.8
0.6
0.2
-0.7
-0.3
-0.3
-0.4
-0.4
-1.1
-1.8
-1.4
-1.4
-1.6
-1.9
0.7
1.0
1.1
0.5
0.5
1.1
0.9
1.9
0.89
1.94
0.86
1.32
1.08
1.08
1.12
1.27
1.51
1.51
-0.1
0.53
0.72
0.48
0.26
0.12
0.31
0.69
1.15
0.89
-0.9
1.0
-0.2
1.1
-0.6
1.1
0.7
-2.2
0.9
0.6
-3.4
0.5
0.88
0.36
1.1
-0.17
0.03
0.74
0.44
0.88
-0.22
0.7
0.73
1.7
-0.03
1.0
0.67
0.24
0.3
-0.06
0.09
0.12
0.88
-1.1
-0.36
-1.2
-1.1
-0.48
-0.72
-3.64
-0.36
-0.74
-0.98
-0.26
0.53
-1.44
-1.32
2.8
2.2
0.4
-0.1
0.4
0.9
1.1
1.4
1.9
2.2
2.7
2.55
-2.7
-3.5
-2.7
-5.0
-4.3
-3.5
-0.5
-0.2
-0.2
0.1
0.2
0.5
-0.04
-1.0
-0.7
-1.1
0.43
-0.96
0.44
0.55
-2.62
-0.28
-0.32
0.32
-1.03
0.34
0.01
-1.86
-0.95
-0.56
-0.03
0.57
0.57
0.44
0.29
-0.17
0.06
0.3
-0.29
0.39
0.35
-1.5
-1.9
-0.8
-0.4
-1.6
-1.2
-0.7
-0.8
-0.4
-0.6
-2.3
-1.3
-1.9
-3.4
-0.14
0.17
1.27
-3.5
-0.18
-0.2
-2.7
-0.24
-0.22
-0.9
-0.5
-1.7
-0.6
-1.1
-1.5
1.4
1.1
-0.6
-2.3
-0.5
-0.4
-0.3
-0.2
-2.5
-1.0
-0.1
-1.3
-1.6
-2.8
-3.3
-2.6
-2.9
-2.7
-4.6
-5.7
-5.0
-4.5
-0.74
-1.43
-0.69
-0.82
-1.69
-0.85
-0.4
0.3
0.4
0.8
0.16
0.27
-4.19
-8.9
-4.9
-5.5
-6.9
-5.7
-2.2
-0.45
-0.66
-1.1
-1.1
-1.3
-1.3
-1.3
-1.4
-1.5
-1.6
-2.1
-2.4
-2.9
-2.1
-1.2
-0.5
0.0
-0.6
-0.1
-0.2
-0.8
-0.3
-0.7
-0.7
0.3
-2.8
-1.5
-1.4
-2.3
-1.1
-1.5
-2.1
-1.7
-1.0
-1.1
-1.7
-0.9
-1.3
-1.9
-1.7
-1.1
-0.6
-1.6
-0.5
-0.8
-1.5
-1.7
-1.2
0.3
-1.2
-0.07
0.03
0.5
0.51
0.51
0.54
1.27
1.1
0.54
0.22
0.45
0.4
0.33
0.41
0.34
0.6
0.57
0.41
0.39
0.3
0.6
1.7
1.6
1.1
0.1
-1.5
2.0
1.7
1.1
1.5
1.3
1.2
0.1
-0.1
1.3
0.9
0.7
-0.3
0.43
0.39
0.33
0.31
0.27
0.24
0.2
0.19
0.1
0.06
0.05
0.04
0.01
0.0
-0.11
-0.11
-0.14
-0.53
-3.03
0.26
0.09
0.12
0.16
-0.12
0.2
-0.05
0.08
-0.68
-5.0
-2.3
-1.4
-0.7
-0.4
-3.5
-1.8
-0.5
0.2
-0.8
-4.5
-2.0
-1.5
-0.6
-0.3
-3.8
-1.8
-0.2
0.3
-0.6
-0.6
-0.7
-0.9
-2.2
-2.8
-2.8
-1.1
-0.2
-1.2
-1.6
-1.5
-1.5
-4.9
-2.6
-2.2
0.15
-0.11
0.42
0.3
-0.05
0.45
0.76
-1.06
-0.15
0.19
-0.04
0.23
-0.38
0.45
-0.04
0.38
0.68
-0.45
1.2
1.4
1.8
0.87
0.76
0.72
0.45
0.27
0.19
0.04
0.0
-0.08
0.99
-0.08
-0.15
-0.27
-0.45
-0.91
-2.2
-2.27
-2.31
-2.46
-3.07
-4.4
-4.96
-2.66
-0.46
-1.2
-1.16
-0.92
-3.89
-4.91
-3.74
-2.17
0.09
-4.23
-4.34
-1.6
-0.1
-0.4
0.1
0.5
-2.7
-2.1
-3.2
-2.8
-0.1
-0.1
-0.3
0.0
-0.6
0.0
-1.4
0.6
0.1
0.3
0.93
-0.78
-2.03
1.15
-0.71
-0.44
-1.35
-1.08
0.57
-1.56
-0.71
0.0
-1.86
-2.91
-1.35
-1.35
-2.01
0.77
-6.82
-2.32
-1.84
-1.89
0.15
-7.1
-2.8
-2.22
-2.29
-0.29
1.4
0.3
-1.1
-0.9
-1.1
-3.2
-3.9
-4.2
1.07
0.3
0.48
0.72
1.25
0.45
0.1
0.0
-0.9
0.2
-3.7
-1.1
-2.1
-6.78
-5.69
-0.84
-2.21
-5.92
-6.93
-9.31
-5.33
-0.94
-2.52
-5.43
-3.0
-0.6
-1.5
-0.3
-0.8
-1.2
0.0
-1.8
-1.2
-0.4
-0.3
-1.5
-2.1
-1.8
-2.0
-2.2
0.0
-1.0
0.0
-1.0
-0.1
-1.2
-1.1
-2.1
-2.3
0.0
-0.4
-0.5
-3.3
0.1
-1.6
-0.2
-0.4
-1.7
-0.1
-0.1
-1.38
1.36
-2.82
-1.65
-3.54
1.27
1.08
0.35
-0.21
0.54
-0.46
-0.13
-0.73
0.35
1.6
1.05
-0.06
0.55
-0.66
-0.25
-0.94
0.05
1.25
0.56
-0.49
0.13
-0.95
-0.55
-1.28
-3.9
-4.0
0.79
-1.87
-2.82
-0.2
-2.2
-3.3
-2.6
-3.6
-2.7
-3.1
-2.6
-2.0
-3.2
-1.6
-3.4
-1.5
-1.7
-1.8
-2.2
-1.3
-3.2
-1.9
-2.3
-1.9
-3.1
-2.6
-3.6
-3.9
-3.9
-3.1
-2.8
0.5
0.5
-3.4
-1.6
-0.41
-1.34
-0.93
-0.35
-0.98
-0.43
-1.0
-0.89
-0.57
0.07
-1.75
-1.6
-0.5
-0.19
0.07
-0.96
-0.24
-0.36
-1.5
-2.3
-2.2
-1.6
-1.5
-1.6
-2.54
-3.71
-1.72
-2.7
-0.93
-3.83
-0.69
-1.34
-1.67
0.31
-4.0
0.16
0.26
-0.89
-0.7
-0.49
0.23
-0.97
-0.65
-2.68
-0.48
-1.3
-1.11
-2.12
0.08
-1.95
0.19
-0.85
-0.63
-1.03
-2.37
-0.5
-2.11
-0.44
-0.05
-3.1
-3.1
-3.8
-3.4
-5.3
-7.8
-8.4
2.1
0.66
0.87
0.43
1.32
-0.02
-1.22
-2.25
-2.99
-2.25
0.68
0.79
2.4
