-2.0240816800098536 -2.047965490151746 0.4334146788286124 2.455751889256182 2.392741578492909 3.0987705325555077 1.6436875694194302 -2.5253706947784855 0.7483333867793341 1.405165124295351 -1.3679893654724569 1.8639539324255454 -2.857989454318501 -3.5776006328920418 1.9453938690716248 1.5412102819272162 -2.646344209981237 1.0783942320567714 1.057753082955633 -3.7773993675390276 
-0.7402711557445405 -1.4997187541694466 1.679884617819554 -2.9540199120212205 -0.3646757703461736 0.2210348219080276 -1.2388162283717243 -0.7629391723772483 -2.122199743367211 -1.36868740731534 -1.4975429889661125 -1.2328889222492005 -1.676377962235487 -0.26888203871052524 -2.0614775308391367 0.7846510762126524 -2.364248083209576 -0.856384358918447 2.0879661024709577 -0.7986091806191643 
0.7951017591414136 -2.621187574293695 1.9729578382440571 0.43698701612736346 -0.07777475998080889 0.935212133898934 -1.8593498066491625 -0.5626063082008319 2.7266989043117675 1.6364856000392705 -2.6903274500326466 0.8357137032738716 -0.1607700881472754 -3.978750610820699 -0.21614387144340344 -0.14189280963224155 -2.5798831375419464 -0.07201616740697517 -0.5700405699907533 -2.190343263286955 
-2.415626024706164 -1.2910284146902928 -2.0238808155986794 1.712897732523448 0.4016637026337543 -0.9142320660336452 -1.6437892462797046 -1.140019194730038 -0.14553435214012828 -0.7177185794713962 -2.3524395222901444 0.1420568342854691 -3.108440336883177 -2.9421616843800518 0.3929429299656514 -0.10627323677469272 -1.6722463414501232 1.1009943257308206 -0.3411039512610123 -4.441636619708372 
1.1765658279491744 -0.6524985248231099 -1.0581100290155394 -2.3909643283054156 3.062158095939214 0.07816333455735029 -1.528177939699083 -2.205319274395918 -1.9224632224191185 -2.509722516101847 -1.6236893071329488 -3.5904963411976265 0.17127508142191525 -3.387541931669883 -4.308087852877748 -2.2791173062662162 -0.3229470350836145 0.018012704253494514 -2.266569560808792 0.28421260697994766 
2.7275001149375715 1.5213612392958566 5.420466336598805 -1.4591880367109247 0.4630909703424453 2.5960993299330344 0.18922375303402195 -1.7819592196304566 3.213660635373753 -0.2804624502204075 1.0533480249482374 -3.049714765239946 2.582314731535866 -0.4969219250916931 -1.0322846428314696 -2.072954261409165 1.6551113943223636 -2.026336105409686 1.5344207093137683 1.6720477383937757 
0.42413321165004875 1.822527573440768 -0.8348514673904079 0.898671471793526 -0.236858423646553 1.0213338673781531 1.0747413258783107 0.8195236567601312 0.7126335625806693 0.7572203919107503 0.23292470002750473 -0.4373375236512914 -0.07525993701064276 1.6014306921034176 0.8892461707935779 1.733174357325483 1.1790000225762505 0.8583093833179025 0.5487921915937315 0.36305280633115433 
-2.89816643667688 -3.3270431016592767 -6.146520378629923 -5.51543854307037 -5.246817248079283 -5.110983525125131 -3.44844239604534 -0.7855168923819232 -3.5500379762210663 -1.9964401191760952 1.4488501292917848 -4.935495529516358 -4.239018863802742 1.4213521298959357 -1.1405566111167766 0.22840242236556707 -3.628379983438846 -2.9652103165525414 -3.2126366098620043 0.7011418561946686 
1.7627579537650302 0.34035058722492684 -1.0643280587970847 1.2645057089462368 -0.15321602720732855 -0.22012549023935188 0.5549814136292609 1.371869397195963 1.44401051576072 1.8028053797585946 -2.807838143980494 1.7479718657858392 -0.8918323629765657 -0.5935068808702815 0.7239107071811075 0.7016651317461738 -1.5151269644261538 2.5453463980770676 -0.9354811201105165 -2.726769137191628 
-2.8545231654754475 0.11994641177213014 -5.796167111816768 -2.0339407965849645 -4.212679136789882 -5.178197224916793 -2.0451682970830967 -3.597994606816357 -6.054797956895814 -4.521673613970964 1.0235013622189162 -4.3390407992451445 -3.290465852688542 -0.5339788949811054 -4.565030362713179 -4.162777496104192 2.2638211578170577 0.19660336161842287 -0.36943398963326307 -0.5199302585070666 
-1.8172884907350075 -1.3247742696763474 -1.4292961071404768 -2.1311658248987873 0.11724249180094978 -1.8098491616949806 -0.1564679932922084 -2.288413972858644 -2.97945848590387 -1.5202405354306545 -1.9899485307945801 -1.2787175964961173 -1.4349132636762982 -2.006108253162424 -0.34310384705267144 -1.0127688223348443 -1.243824797719763 -1.1650104192175514 0.3336736455524007 -1.579313731850244 
2.3794542077962673 -0.7388378436882043 4.118998764765902 -0.7445026857690792 -2.2503153436926113 -1.6414272142441937 -2.5494912584011167 2.3861210572987646 1.735365744900985 -0.14407430651752037 -0.8465556022241882 2.5579195539778525 2.3800543254144992 -0.032269109570155226 -1.2486425134933579 -1.405552239021553 -1.0213731336386156 -1.1140937690217108 -0.5945495338608238 2.0696882292805734 
-2.0389457330735503 1.4567122195608693 -1.7865532724613782 -0.2303350569850766 -1.0433950058134065 -1.5916483733792584 -0.6701847108127162 -0.9798444343578928 -2.267492507799169 -2.4211619194083367 -1.2630357449532263 -2.1191540942155003 3.5904996404595377 -1.3173722253159204 -2.1175253055329373 -3.81266034721254 1.2629236508778459 -2.4672843789356254 2.015140604114336 -0.6150577779728543 
-1.7135546002307556 0.4312303319274931 -0.41408131348620564 0.4620244220432694 1.3771711589367868 -2.36810854259553 -0.16463622874258071 0.6587456294097894 -1.7295015729712857 -0.924325377232098 -0.6592589961746985 0.0017512313410496243 -1.5619360882455915 0.46823767759822793 2.454710380747006 2.3275089728521574 -0.7399589103594462 0.7683124680797169 0.3399651845693107 -1.005487519829533 
-1.2663687408397837 -2.1588826568361092 -0.29122947528575166 -2.6511487135285075 -0.32447909585573065 1.3833155111756454 -2.4088878131094624 -0.9228096246108995 -2.1691346830434868 -1.9116688288128103 -0.016912753123802807 -1.8385566259374777 -0.20835692977693335 -1.1731979144326374 -1.6336207670275555 -0.022236351237031257 -3.0310194521524063 -2.3695460061699585 -0.16073613168807882 0.7370738384988047 
1.7718204117523686 0.560378918718556 0.5642362362820017 0.6786304694822773 -1.8031452633517067 -0.5483561308808156 -1.4888102177991702 2.183446073111866 1.804320703895117 0.8728955184523556 -0.3695685831247659 0.016749652776996457 1.3782122912550543 1.7299637587008587 -2.18890043078267 -0.10085522027129515 -0.08307332136712012 0.6719562461576543 -2.2120780843382053 2.4383401410013086 
1.6093328512110725 1.6542729762269561 -1.2724322871184175 -0.7039655270152505 2.0510624965708204 -2.340442027156427 -2.1687984066187083 0.4824972104471629 -0.35786406643164154 -3.4762510091224468 1.5811441504333157 -1.4952699639427929 1.8945022993391978 -1.1034827025596528 -2.6469398250109597 -0.5589747564490507 -1.244052019136638 -2.036395050586502 -1.1311891875321185 2.041733771823829 
-5.48986852483114 -5.991842544735988 -2.666402982411637 -1.9332908407356715 -4.796233066784942 0.10894343478388692 3.555480583283566 -3.338901760391073 -2.6890407506055736 1.1428009076950927 -3.562531203485495 -0.13965167343179818 -1.9728266772205638 -0.37762782775748865 1.9189487694875174 -4.35603851246971 1.7019395348892001 -3.5304837759299064 -5.123388963252046 -0.15431634761472698 
-1.9917558661711148 -1.578480993702292 -2.5909978782277943 0.5727874040162051 -3.075271010906258 -1.878855051257318 -1.408572937493599 -2.573981669188264 -1.9669623962936542 -0.9431323936241823 2.0608934256514218 1.9593753378290288 -2.3597327583370644 -1.6806874648723258 -0.2694205146567927 -2.87805674524065 0.38634287513224214 -1.40282345944189 -2.3979514568466986 -2.0328417510951464 
-2.1357932189985585 0.12572028259751802 -2.5378617219686834 -1.8173182475258232 -2.226088977556938 -2.1067275627041084 -0.8793523091757497 1.580882272243741 -0.7351289800235224 -1.0180802497495403 -2.0879381389298453 -1.4207390533292539 -1.9469131095336438 2.7218837125918913 0.09038167358107642 0.18453936963731957 -1.4762411469211367 -1.9878552093174147 -2.4230931325502243 -2.194006293292136 
0.48202988459833984 0.8596758218811258 1.5864222911673742 -0.04875319519815676 -0.12134488229834164 0.3022677043217939 -0.9387512948160514 -2.5325932689401744 -0.8152672425639977 -0.7814968980004512 -0.10425469222356096 -3.229750966756436 1.2172078361137546 -3.1877104870445687 -1.8070311296014956 -0.6957669840214071 -1.498639357812536 -0.5462758636411774 2.1978532187345805 -1.1498031281984742 
0.07823020774498012 0.3546600195242821 0.2945490193892802 1.619566058173259 1.9357618109061345 1.5820227577392654 0.5449953006922303 0.4169576683496794 0.010406213455853517 0.36492310197179134 0.4019669122586371 0.2374199331065903 0.07692325503105156 0.13648761647695912 1.836716903533877 2.1907168615154777 0.08521591110473403 -0.05429425683335165 1.5307102663886698 0.0011256112619643043 
-1.3454599420102225 -0.8976093484809009 0.780006625492276 0.2265304274906638 -0.9150116607045182 0.7769104564879658 0.10920823663205965 1.194063851264605 1.237679164404326 1.2622751674587571 0.15507270310518123 0.4202282917609643 0.8030085334907971 0.5358539268701062 0.9836020383099913 -0.2921955555376958 0.6429547246024018 -0.7823323288691594 -1.4618767118997986 1.0230838946568173 
0.02289238838837818 0.05846748722728077 -0.5369724888539419 -1.592014684321089 1.184901043059012 0.39085293494336265 -0.11033209431626263 -0.6251785125523458 -3.0443822981543986 0.3697426246463058 0.9692806100763033 -0.7871268722631669 3.0272396745549583 0.483860190849482 -1.134641300877033 -2.0145795613438424 0.6742342680451476 -3.3104435805803427 -0.7667501251137958 1.8459293341574903 
-1.615666294243252 -1.5045138989565294 -0.8421706915024527 1.3338339044030012 -0.5993589340162815 -1.4026709128226 -1.277780468096092 -0.311443791510916 1.5659523020592312 -0.5280370989886596 -1.506881718046537 1.3147186502987727 -3.0372811067775953 -1.2359477774705958 -1.0129436654904211 0.29073817250587236 -1.3906782135551226 0.6042178313199955 -1.0970085624876622 -2.194444254333525 
0.3160181216434649 0.32687359760754375 0.1445945227468029 -2.416468685047091 -0.7443243686454301 -0.43183470460521606 -1.620491992632923 -1.742218287497305 -0.28501406239003674 -1.0792517516270845 0.4125644079582205 -3.821951411526504 0.5262444866118049 -1.2068072502587475 -1.763455671687939 -2.2538748298143214 0.14622472868311945 0.53167510923004 0.02309936850715371 0.31618574567163094 
0.2664204312058655 -0.002120611476333671 1.040787050553162 -0.2108699546511632 -0.18257532729402576 0.07475644746166046 1.3763340991897526 -0.42703513829786005 -0.16938051118210307 0.1207461906887214 -1.4442098964608845 1.9344942673484338 -0.005071238395671428 -0.7265146015337083 0.60269749795794 1.1329744357278622 -0.6984755717089685 -0.2168481369974785 0.6523377482815971 -0.8888508254758744 
2.0036466791256817 0.08839229049956775 -0.27844570103179495 -1.6868809541211454 -0.8206962225150235 -0.7744405854867397 -0.8583749338116567 0.11880200013305388 -0.570257352768821 -1.6803437010468762 -1.0770607898787106 0.4291148421030735 -2.5437084349550485 -1.259089275289307 -0.5601702830354136 0.9037908710741126 -1.6107067989413975 -0.09039393903173842 0.6202684439859263 -1.2844941404450605 
0.3819009754271333 0.35373814686314925 -0.6843140220931778 -0.12048454940524293 0.8911698906838044 -0.09842816545466646 1.7824437921394722 0.22979371753034303 0.5527773776256694 0.09623373768607757 -1.0363707688251902 -0.21715895042435893 -0.8342130041207105 0.0389039322947603 0.4553141612196257 0.27474514413390777 0.8153256682063488 -0.1513777239009147 0.2662304661285466 -0.7496158348792227 
0.16133996072398968 1.1921845727852654 -0.5937312638431012 0.5947568559546519 1.5428846360222859 -1.9390580279461898 -3.487822050981449 -0.26078745023791267 -0.9608447332402111 -2.946475475471368 1.039077155011716 1.1341934165662366 -1.849568043773159 -0.22402872302538648 -1.2201988763524068 0.5965036760739669 -1.6940295561572911 2.473262127696312 1.8836932909737694 -1.2342461367105846 
-1.6886441901108526 -1.2950470321632699 -2.0779115393317986 -2.145650172113714 -1.2904482305631528 -0.9016729410340403 0.385841822328445 -2.110576407069091 -1.8814947046079704 -1.3003380294475648 -0.9582297545679338 -2.323368086257312 -1.052858593529475 0.44780302205164485 -0.8639459225223594 -1.3717224912831392 -0.27677414878411366 -0.9219623948784911 -1.960500186006586 -0.38767657503674974 
-0.8041925102013344 -1.7784095961021582 1.1159842011503514 1.5611775227352565 0.2998894309842686 1.3209783393395396 0.7712639731162837 -1.4854107316756116 0.1304905638093432 1.7272927717697042 0.2633478674901868 -0.4735087101247494 -0.8382471852684833 -0.3669524986673959 1.3359474380082392 -0.3917579168810956 0.5465194839575692 -0.6197443234461237 -0.16487704540348824 -0.1463396817701358 
-0.6684475006704981 0.7771620548879073 -0.26428085193256884 -0.20973376027043397 -2.856917466720357 -4.581657000386059 -1.3407956273469641 0.8969157296084079 -1.6803008744789756 -1.7978713927051453 1.0585547243588798 -1.4147103030436814 -0.33588178215051534 1.085042665955691 -0.4436589599650289 -0.9058356782159518 -0.5612984474340552 -1.105853762266507 0.8224192008807143 -0.656577464359496 
1.0963597490617873 0.35170321096465745 0.9789124251868593 1.301534223855748 -0.3055639053055447 0.7057838629969336 -0.5012050605087804 2.3545215950346083 1.0407328029656873 0.4910385248022357 2.001601173425574 2.4434279047274092 1.3000560258807838 2.311840214258583 0.9015599399490997 1.7557389913425239 0.6338016168256537 1.6537306088478843 -0.4430044208285124 2.778346740823717 
-2.2030781264821293 -2.304925702183312 -0.34264741154667727 -2.1981253713901876 -2.499683358449324 0.1959047268945892 -0.07296224626222901 1.974860372069958 -0.9047311993046749 -0.40419174675176006 0.4010879216389618 -0.18729511949572714 0.44244824821145273 0.9288590303902184 0.14120118796793096 -1.2523262512837767 0.028057572833337072 -1.9093632250069785 -1.622462450040264 0.6535957387694431 
0.6097420999192611 -0.41879841173618726 -1.3031117350740784 0.21688452358145868 0.7902877239721857 0.8899934392994021 0.7973686936920974 0.29099324372260854 0.5200123430595913 0.9149161273383327 -3.1186197086103005 0.9200633104002037 -0.45171293810226076 0.025807419924995186 0.41679650427490506 -0.547436044668747 -0.9110005880352239 0.9902781687771987 -1.9601331009765972 0.3458443422049858 
0.6332860593287097 -0.6249082594877946 -0.4456759095042399 -1.4020240075559842 -1.8971013939650982 -1.143363797800226 0.5361641775704351 0.02397118855296423 -0.011075638499187287 1.3272897892772642 -1.84774346200208 0.1306257177730339 -0.9894835094730111 -0.9934735075737195 -1.3627214878418092 -0.2966790192286202 -0.5357914816727962 -2.2588203997640606 -1.7706877513589623 -1.4260513420724064 
-1.0283084868804369 1.3738418342720369 -1.4154722153948274 1.6890799629630306 1.9063613464346225 -0.925764444983626 0.7018449621242111 -0.8052873500235619 0.24643697551248603 0.07777489284214398 0.9258455738537216 -0.5546619743636753 -0.41903434556043107 -0.7123090333284587 -0.5830636207369304 0.9477602247534472 -0.8556850673493361 2.0037836839549716 1.3906680947520005 -1.53477146790096 
-0.552997034537287 -1.0483017740818839 -1.0224720957311326 -1.9398099243504339 -1.3050595228644664 -1.164652489984275 -1.039459683277527 -0.5156530088340439 -1.536594383032138 -2.6940371557818454 -0.2338519998236123 -1.3583280563470552 -0.629426243824421 -0.8146819357199364 -2.3035851505001537 -2.53165399233852 -1.0489095484591386 -1.528311131970344 -1.1450117806243556 -0.45405480808268905 
-2.120444745675854 -0.9085520042903337 -1.2734206334297609 -0.6042654332180405 -0.0016378331322963722 0.23466598570848723 -1.2401039431255565 -2.03922682273483 0.49085559843695004 0.45668117898939625 -1.1741709472945872 -0.8955423512832317 0.26268922481632956 -0.8331024940637027 0.35999306542571763 0.4681211862030901 0.1980163382988496 -0.2735100782342359 -2.0425850320157477 -1.0162545994305265 
-1.6642315633228686 -1.6838879073501827 -2.096058965289206 -0.9358625466970074 -2.3333694277797954 -0.3542614020422296 0.8197506603097725 -0.9509067562280081 -2.8962509054426735 0.0765737011674585 1.3124871725092329 -0.8053749796214599 -0.06261361803931739 0.28089607729567007 -0.03707328913503694 -3.4625837944741042 0.7466946056946282 -1.1322522915001414 -1.7911648238301492 0.9100220726732813 
-0.8699575382759027 -1.5880294127122416 -1.4544576680813497 -1.574178312522638 -1.1154187114050358 -1.2240391494082583 1.3202895648211088 -0.35831243943178837 -0.36675960964006277 -0.7993556262831569 -0.6414461148820552 1.0509466451055562 -1.58083983268793 0.4953911033085753 0.5417288646927549 -0.001700412413326376 -1.2023430011126766 -0.18505368940362896 -0.6985299764982545 0.4559628430385044 
0.6834879306735787 1.3631220124775767 0.007645273053696137 -0.08424801573612042 -1.5006134809894862 -0.5634151220508558 -0.39519921053415036 2.002494458921388 0.2093362645150564 0.6018750223411317 1.470111211840264 -0.4199693041329095 0.7591080758331517 2.331655649907654 -0.4544161647530817 0.2220598349085129 0.35763474315116645 0.27259823660581584 -0.3348935610011291 1.0894109256385758 
-0.9563218697258623 -0.9583945103046947 -0.5356436756720884 -1.2179493866911122 0.38654417250970174 -1.8045438410630317 -1.3905207869097147 -0.44432345681777247 -0.7882346697469373 -1.881937568807354 -0.9815759876822353 -1.0098975750590522 -0.5468368978872294 0.8157554043400056 -1.89647135180606 -0.8929535079537464 -0.7343802721419183 -1.2828562131606822 -0.5198716700347374 -0.5898207788635754 
1.5669589784466962 1.034999029074479 -0.04895503909396295 0.45412174834259217 -0.03925146417167642 -1.1316975896362984 0.1621656212920298 0.05939454012467207 0.9963852776552595 -0.04711462756326697 -1.0858347872211533 -0.11718320842776137 1.6669168536791696 -0.4081981274337279 -0.7149551408600355 -0.5289060521471067 -0.28989900778496147 -0.7263288657221372 0.30097785169037866 0.1830227574928246 
-1.528691818852946 -0.4927463412376016 -1.2449103588279347 -2.0685801705203466 -2.466763603834874 -1.8746705292930157 -1.1492436467523646 -1.4345782877413007 -3.848784491654949 -1.5196397267881439 0.666270091437338 -2.4716101977493374 -1.8157928817912041 -0.31836331806873647 -1.7400627062722878 -1.106474236679511 -0.9296543806670358 -2.1809240277232904 -0.7898743873689801 -0.9880375413658996 
-1.1964724012705616 -0.1759800106533096 0.5425590084707643 0.8342625508686147 0.5034736212321702 -0.36027387330360033 -0.34327192183407834 0.1200612829952426 0.850450668238164 -0.9272699766068215 -0.12160096964080666 1.216881807515889 -0.0890249662135368 -1.174055551580111 0.698639101157846 1.713735319199352 -0.6853464279486248 -1.331031052459253 0.5776870177455382 0.700450282157103 
-1.0890536916025757 1.9844716873985704 -0.2192017668456923 0.6519065252185737 -0.3438658176060899 -0.8141942157100922 -0.853702135982228 1.3405188502093497 -0.9381593249831819 2.051483202404957 1.80006312019454 -1.1081225309759002 1.1900378447216897 1.170111602832804 -0.408525138945171 -0.4779112816410352 0.9992852298994613 0.48003643481135777 -0.10267531137269431 1.2710499273732916 
0.815793237878399 -0.6844951790317717 1.836539130406166 -0.21976866972315032 -0.684844114449328 0.9084904123155434 -0.28801368566276864 0.5273079993187766 0.7178871380153812 2.0369135496181303 0.025988677690575036 0.3753887867329246 -0.7696155572187227 -0.6422425490996067 0.5589462476700855 1.1260139587051952 -1.8854404934613829 -2.0891063163244747 -0.9156714426156085 -0.1957763970211134 
-2.2678772114100725 -0.3915827345274843 0.6978774991127782 0.850019564925402 0.7551572164401813 0.20521159055606983 0.9188381943482754 -2.7679406053727664 -0.10503797168984538 -1.3726865282878207 0.996618679899592 1.4065758857933084 -0.5326795130931067 -2.373749640801572 1.4620678644163676 -0.30859259998219024 -1.262108208606547 0.23597138852933208 1.8651594929303064 -2.045239722166709 
0.3847012504535242 -1.3852886806813927 -0.4452494950737644 0.7674963495181865 0.23880443587589273 0.39507468227288817 0.9060028195573077 -0.2941800070055685 1.8949617819825662 1.2085231117234128 -2.7484438264820614 0.29805229746248796 -1.274122925157569 -1.8534865722797582 -0.20256122652753156 -0.8317212900550512 -0.7172345028853897 -0.0675255277221573 -0.8989516501193143 -2.413864148084575 
1.3183495084254562 2.4394356861546047 -0.540630547698569 0.5246503215068496 1.1996321139476636 -2.000428813774585 -1.5984455141438056 2.4231100444511178 -0.6069584755437293 -2.191363989488579 1.0647748006562 -0.06693539521949193 2.0106051982769775 0.8548380014648101 -1.1646891963863524 0.6555530457431794 0.7624197969797594 0.5774476659471366 1.253777246243181 0.959356508247597 
1.011560409427301 -0.015190201955233278 0.6349611444823425 -1.9440725871197695 0.508393677431782 0.1998641329015569 -2.375086940988421 0.8671319426897439 0.11348136030409066 -1.3525304973248304 -0.08972358074808343 -1.9157778860708 0.7956716798541037 0.8504460734946504 -2.141594474920931 -0.5986150714513562 -0.6442566978686693 -0.8676089286739117 0.5041187025345197 1.2354088091210433 
-1.538904914361351 -1.0312686381182739 -0.5422519446799532 -0.3988009502754646 -0.6795441203231246 -1.3014158951460286 -2.072226788538469 -2.034180887406931 -1.8082100996360009 -1.3125614394511738 -2.0449690934089384 -0.4377813670065653 -1.4623553750084468 -1.3485486596384113 -0.29798128609258445 -2.1069652037000575 -1.884402539530595 -0.8065709636452019 -0.8047400406748303 -1.8198720683293423 
-0.6262602740195742 -2.745844638492667 0.7062216882618291 0.6672510185832119 -0.27432564296309225 -1.2343560375499703 -0.5541048631979187 -1.3818988855674916 -0.22901105780663905 0.40551839559351566 -1.0563359455964358 1.150970355349662 -1.1232760542251192 -1.1044587648324184 -0.07482930985156999 0.3402993997018905 -0.3213017336522825 1.3377337267040723 -0.1065190843926456 -1.0944655369513616 
-0.4327115480738387 1.1775957334832792 -1.1084570668065918 1.1141320135917838 1.292901491877758 0.534883762696246 0.5054234730313634 1.07018657448067 0.01399480857000037 0.8064770427495622 -0.04236930040944379 0.6793188347055341 0.8185613729448666 -0.7090405901318286 0.2457712755272054 0.9405698494646396 2.0070478681704835 -0.31092263961247574 -0.2249738896878547 1.0132496032356155 
-0.003711736975426514 -1.329718952441355 0.7180106606306398 -1.2166989401475339 -2.239584654521512 2.9405567772415573 0.866609300274393 -0.4543045619706076 -4.4776121332975254E-4 0.4911683818790038 -0.6278499689082109 -0.3120973492394401 -2.2920474391127317 -0.048365886606194036 0.5359296833451115 0.30080162940462374 0.7913565851492705 0.3572612089401524 -1.097894667248172 -1.171304563458167 
1.0765779180774555 -0.5224351174887637 -0.7548071547184536 -1.1578838591743694 0.8183700014197249 1.001626139857304 0.343045396701939 -1.4045124478287576 1.2464390850689009 -0.210739149662781 -2.0475373358061493 -2.681451655665118 -0.10922449398351136 -1.064363780963039 -0.8040784329327516 -0.539197598242291 -0.01951510846228279 0.6705137390967937 -1.112258006408377 -1.8453169439271326 
-0.16597814591194862 0.20709137461213523 -0.2332991881127825 -0.4703580935865177 -0.03982218028134584 -0.4255441500527191 -0.725113765615983 -1.1817797343116434 -0.3516549295880345 -0.41185267143049853 -0.4323592260218358 -0.5184196213680562 0.16992272572403605 -0.2447481811375244 -0.4955431892108325 -1.1711198914011816 -0.009815367907407922 -0.416505376559786 -0.5672644959061979 -0.02191933257470475 
0.39801318248062967 -0.31195927746778873 -0.8740593983519866 0.6057511659184547 0.8736461164839675 1.1622910759370577 0.8951467631234742 0.21373146145504182 1.9151891073478464 0.04123008656992422 -1.6645486100619498 0.7918227520303036 -1.0537590578293998 -0.5013302570707273 1.307589690480576 1.875612236460359 -0.6011686560312058 2.091610013321534 0.5142790695856817 -1.6682928867544156 
-0.2466193275554847 0.8015660158048205 1.3686664441625616 0.8844758380306608 -1.7084867151695253 -1.1083257010506897 0.787559097497821 1.1649774000644748 -0.34344275177458344 1.1142573134787113 0.22545447164821641 0.21329977195904024 0.2870864709069492 0.5470860449966544 -0.3977157443719472 -0.02584788588174625 0.2792741264231287 -0.6994866044368252 0.25017893923534057 1.5202633367073786 
-1.1906727295691601 -0.4699228532953502 1.0581925205786116 0.39890107703554234 0.6611750561387133 0.9975980599955608 -0.9764733219161155 0.8045410199957077 0.14520568010921614 -0.17439187524736213 1.1619004615413455 0.7696836082280226 -0.9256777944168048 -1.4589656933904314 0.2817977650051159 0.1613785598442637 -0.9229307344947077 0.24163163210027608 0.6486455786366867 -1.911520100916554 
-0.25225342649794075 -0.5418858234679984 -1.9889875563579478 1.8988217287651767 1.2122938756947186 1.2675137038120823 -0.7546305171349046 -1.36811949258477 0.21667836386624004 -0.37193275582787994 -0.4867386974404425 0.7028540638560584 -1.1120777576038314 0.40900884276788596 0.5130646178715853 -0.9751511130087659 -0.6816599835758577 2.8769816764569613 0.5828964506342256 -1.2260869413080324 
0.6641030799078299 0.659886319786994 -0.5658333607924625 -0.008075205575443563 0.8244892102696586 2.3550961234404486 2.0156778928396464 2.0520905712185282 1.0529264560614195 1.6035945748672948 1.6774737729106848 0.3367511236032518 0.501456857535663 1.16765648869432 0.4603902828357852 2.019327765631689 0.244811712523535 0.8396345376101386 -0.9068094807953144 1.018978954064438 
0.6229540569770164 0.34997264392208394 0.11893828914917116 0.5340829629350341 -0.9729786301145856 0.6337996091076759 1.4931310776260514 -1.403093409927824 0.2585767074239411 0.4128982231933549 -0.32839907664451456 -1.09629266713455 -0.4559248498467385 -0.12189542168565032 0.7009068059144123 0.1238295212799051 -0.385958946817655 1.6877778243142985 -0.2984834438483706 -0.6041428473407429 
-0.08900851423646623 1.020914210118684 -2.247949414709463 -0.8436243304240258 -2.0706654839998273 -0.6180071836405779 1.8099290076227188 2.6400055190075715 -0.9062369238512628 1.271244697561441 -0.4375540800710528 0.43311363268218506 0.5187113571421523 2.044510150833536 1.095334183758727 0.014994769056837418 0.7232278406166798 0.8699318320191709 -1.666536566494807 0.8161365462531989 
-1.5296580380135685 -1.2138783888475362 -0.34393641303447453 -0.5092803467589797 -0.9502295831900759 -0.6874886858076942 -0.5189118998293888 -1.4080980395502736 -0.7003349651878815 -0.9022151340550505 -1.2733744152034172 -0.13706184053319845 -1.4296169929952023 -1.2600302863561244 0.13215501689663736 -0.9213757865601385 -0.6838125360648023 -0.560565984135813 -0.6368441674145723 -1.5533811127998667 
1.2931444994998382 0.935657526965785 0.26002135733967435 0.04692518540564299 1.3657804595877345 -1.4428296184145166 0.21660572820740875 0.7151677034776619 -0.5913179605384521 -0.3967765746169298 -0.030416362852621327 -1.041398651878909 -0.5636403535507505 1.0663600115800123 -0.03398890181368969 1.1923755976678478 -0.5387267464078647 -0.049363015640400354 0.19158654978495368 -0.059407145029992864 
-0.28650909204408054 -1.5322020450802136 0.34946233928895465 1.9175894048917286 -1.1580962709698523 0.0690940699198894 0.30198434779675387 -2.8029081470475288 1.511161573451956 0.15243003341436462 -2.56202960678378 -0.44239541172435987 -0.0858693881263171 -1.682232752363902 -0.5877496084165371 -0.9105410417127454 -0.5722210729048717 0.37788818950055464 0.313731138735298 -2.2094344803080617 
-0.6081769001764582 0.2987209803725845 -1.8888752963496807 -0.471242393962161 0.01048504566235537 -2.340449005271092 -2.7852425572625434 0.5730937850113569 -0.7183612422344382 -2.542703153127711 2.304890098932955 0.3074519285126025 1.8777990720520013 2.216052756956369 -1.84583877812158 -1.5831510106600697 0.875010650177957 -0.19727575091889063 0.16747484347776856 0.6039116569478178 
-1.1275814462266036 -1.2294274506529617 0.6136481374484474 0.623883009920103 1.39201697946092 1.3692256913032776 -0.28230099330109676 -1.0724945693331367 -1.3886101015735142 -0.14764327090196813 -0.34593663638780997 -0.18020988352411624 0.19025736532015392 -1.0241192638340122 0.16113262635138156 -0.8496916059283265 -1.3244543262721347 -0.9091939847650277 1.2573024917930884 -0.7330894929484162 
-2.2710438219565603 -1.3884245157342336 -0.9207277586989157 -2.111712547540569 -0.3680111471355464 -1.3244523771285075 -2.103921431289086 0.8357781927358175 -0.4177926868176943 0.15366233122559025 -1.2203823819259605 -0.7205044230794133 -1.8485404300634154 0.5792235169856126 0.45521626582966374 0.6823200688950536 -0.696078744553352 -0.7858955528440807 -0.5100140536082669 -0.5108787872087891 
0.2626546730340918 1.2388560136011015 -0.5630274191036547 -2.975386284338325 -0.7613176524927869 -1.4240677907600354 -0.8205550417596138 -1.9927455860450594 -2.5687883438630963 -1.753763184624599 0.5698742998783385 -3.443840287584042 0.18823176636596106 -1.1040619640153508 -1.9238841189679896 -2.197656347143052 0.08719816036791314 -3.8370435831290197 0.11852938820816283 0.5989305468718299 
2.507629228667438 1.2178176015479707 -0.22638094294329186 -1.4719436267879986 -0.08645088646687182 -0.8980934483150272 1.7834491259529348 0.20111509340447872 -1.4794290943183144 -0.5570164349118145 -0.08341061252914894 -0.39535806121325684 0.7287600941588231 -0.7556493159082726 -1.8437922746285205 -1.4132270565569305 1.7865719343605526 -0.3987872421301083 -0.11726252350680792 1.2249005442855356 
1.1041877512243403 0.2367777545006488 1.7277048167079074 0.9665273623567455 0.004032117614137699 1.7591839091116652 1.7399224049329878 0.26588239223057303 1.2434641121518561 2.2937496570375147 -1.2936407758989963 0.17129774058230757 0.7939892319173576 -0.4650428790973316 1.4147734967806374 -0.09396554702493032 0.14753530518491673 -0.7441630989308924 -0.8916325665743394 0.027524801586120997 
-1.0430292486657204 -1.2305283906750657 -0.7339129723128409 -0.16260864448148982 -0.42710664921798686 -1.815099628055269 -1.6740878605073588 -0.8331130506986991 -0.8050135949211992 -2.7650407849668257 -1.6189728368619476 0.3977489655903002 -0.28950175437144365 -0.6357219796142621 0.7229235402677002 -0.08985097724302166 -0.3244535834496037 -1.6542521443289149 -0.4705797645720566 -0.4541000067770789 
-1.638073155119424 -3.1048735591306778 0.12730980786969837 -1.032780562822223 -0.8143072296683113 1.1787647281969231 -1.928875999348527 -0.7502590701137516 0.8896184544609392 1.9323773791400634 -1.5747440026660011 -0.10899545067816616 -2.3648375693618306 -2.218479614767146 1.1075909500601622 0.7158886104951938 -1.966258045534327 0.07116284088437116 -1.4976010059649676 -2.194147244962813 
0.4708088734163562 0.8357635824840306 -0.796322351630845 -0.6771041146155617 -2.007724060127615 -2.4465427593680418 0.24824447340746753 -0.7152552410535786 -1.7965829661971302 0.19895632120786355 0.03913778782740601 0.5995088453906917 1.767371892923524 0.08092428513009688 -1.8311373256311203 -0.6424124214500211 0.862973190262585 -3.42257846064116 -0.31212131827468903 0.543583185466274 
-0.11591668355447517 -0.5500012670128833 0.18231220265331496 -1.5333077195082996 -0.5455602151019863 -1.8257563860629573 -2.3177721751532068 -1.6182090781364327 -0.12644615595154313 -2.1066953732163944 -0.7500149562650374 -2.0561407112455066 -1.931153444627648 -1.612896699580771 -2.435324513541488 -0.0355059782800378 -1.0547295898374534 -0.5258110214005439 -0.5525558124513713 -2.1721923401923657 
-1.548689304151514 -1.580017115986436 -0.6913587233685512 -0.349508006653474 1.3083791027674876 0.7558099991014021 -2.308918016444751 0.16042759796187822 2.0840172541342703 -2.2760180811023774 -0.09665050599966896 1.0126271515841465 -1.5390105631248312 -1.0454602027752087 -0.8768801453998241 0.4754467875202454 -1.9052515580915121 0.9439836876206111 -1.0756504247185543 1.145958283486543 
0.06123665829592833 -0.3755405856173078 -1.2008646569730062 -2.699192671366628 -1.2835887875410017 -0.9237242927895138 -1.0629270775995008 -1.4112020622923853 -1.3542611671560838 -1.430852371481191 -0.1482649003677213 -3.9171722459177407 0.38136137861798 -0.42665741381619854 -2.7494624932493843 -1.4038899808285876 -1.7668172261212907 -2.82558405571514 -0.524098599142038 -0.021873831162411154 
-1.4164203376908162 -1.4379920414651735 -1.5598577586921192 -1.18489436710343 -0.44820587644730847 2.2023026158076564 -1.9116131186443943 -2.127143456772317 -1.0958033578639006 -0.6429724894646215 -1.47142424260261 -1.1687480488818427 -0.7761218507052263 -1.64347009929498 -0.14318242223536495 -0.8722978912559994 -1.0321279514897963 -0.8107274936647706 -0.8775645745173639 0.09823626838133132 
0.9860397480794615 0.4514073898505292 0.21955940700974583 -0.5472325881298294 -1.057002859614842 -1.1813410330518874 0.47922229337625055 0.9795385199473631 0.8856020346665641 -0.8784593941855074 -0.788210132551995 0.5938033650897611 -1.1951144479823017 1.8415357375977452 -0.3865952749082327 0.7513745421512549 0.24818515651792272 1.470950240230372 -0.38365738000847627 1.6267308576200483 
0.6636522446814436 -1.0456237441221918 -0.009945672046484501 -1.6534505285129075 -1.7537317010698217 -0.9711206269805205 -1.5042708795458961 -0.815090590304842 0.03303113706517281 -0.5739601727425859 -1.9181982878866595 -0.2888633302117533 -0.7909672470721029 -2.310246252280994 -1.1466055989410164 -1.5530636860750953 -0.8207184129128542 -1.6662800184813844 -1.3596616306670555 -0.7689053055965848 
0.6669723416384886 0.41935383412702365 0.4573264656448944 -1.7934066247057356 -1.0527134103168756 -0.8703554602719269 -0.6441793882027598 -1.0260700842821269 -1.6705906460162425 -0.22199940532321902 0.21476496828110045 -0.2512860719449926 1.2265265680800113 0.06860323478799939 0.9242225003813666 -1.3853059334470188 1.254799556868053 -1.099424241170567 -0.49519391257944373 -0.30145550282050904 
-2.3870968644459403 -2.3615427220426044 -2.0548500753481025 0.20879976495695263 -0.36989368150477847 -2.318816361738967 -1.5864426626667048 -2.539864399273643 0.20373883410714946 -1.9274747906176635 -3.0203057101176505 4.508878478684666E-4 -2.740741514365669 -3.2945163600331346 -0.7594160910828414 -0.06486431126814232 -1.5197743097755587 -0.21149307010823737 -1.050287494785002 -3.670191629488752 
2.466712577022181 0.6247319755615447 1.2004878449967011 1.0915528607452616 1.5044933362053 1.3253071319696998 0.6735993470406992 0.639166618825451 1.4441796920887984 0.6282761064708667 0.43369555003716953 0.46055573672530026 0.5547950618103449 -0.09784836915252303 0.4633791375549512 -0.2612054139754276 0.11112362587738472 1.1224165747751547 0.34366682469461923 0.4555197844923703 
-0.5751479562018588 -0.5633897341021906 -0.1066051169478328 -0.15293601081068384 0.5612422202994098 0.3032719950092949 -0.3973751795063142 -2.0488807554870103 -0.04984697391615713 -0.5751320412490605 -0.23847393854812995 1.292516201931771 -0.38238490319367 -1.813833953926936 -0.013241815404102601 -0.016252830987404675 -2.4615496887749875 0.06309949725503902 0.4471699610614692 -1.3936855525695178 
1.245849267159611 0.44459473588768017 0.8022989701680967 -0.3788131363216129 0.545325867476876 0.47686217898317257 -1.1167046532124385 0.16487213013964866 1.5634730281959712 -0.7554680247918935 -1.134015954137234 0.27917820930245185 -0.31501056313199 0.20426239315479042 0.7278212993107236 1.9288076264511738 0.7074027234300798 0.4884260214447082 -0.3164837208255098 0.33163046304717897 
0.8483076023199737 1.6924507460850697 -2.1344583602404366 -1.7746417367525178 -0.13564882217512364 -2.2865817971170705 -0.32941573638656296 1.4538251379084068 -2.580803418476263 -1.4412589145734704 2.17403982402114 -1.876948690578831 1.1269068605839168 1.5053748809922716 -3.708152300808056 -1.8787375553603256 0.30277357747505246 -0.018566870486389806 1.2641838295504202 2.077861431602467 
1.8473846104715186 1.6096419054965518 -0.3876645227714226 0.6309480881788592 1.3709132048843706 0.13265973986804797 0.6806377627087397 0.6926196419567887 1.0323906876800035 2.064943594923926 0.6052042306691231 -0.20351659135497852 1.0903734120286432 1.8796226299760503 0.2728418531356894 0.2697264952843009 0.35867831220221674 2.3708029141652913 0.24083617349881414 1.6480864774665336 
-2.3057311648640533 -1.3108151435091826 -1.8482244032531236 -0.39470846037941126 -1.9653034970378103 -0.6470818074159039 0.7350958350984018 -2.2000513542486337 -2.4202622708869264 0.48931097241063354 -2.380009781439723 -0.6835039640162629 -2.393332304325931 -0.9029497602119965 2.840925053280642 -0.8865178228661496 1.0676031458074795 -1.2333243636965279 -0.4911153741596512 -1.556403549919014 
-0.12799053387545317 -0.034084368318022265 1.2684250740514462 1.7775351506668566 2.4483255116139806 0.5515057436065397 -0.16014441743525643 1.9213483503578839 2.061492665452187 -0.37464709384525874 1.2440772873056525 0.5377764541727417 -0.5964638911926223 0.5306776048213818 0.23675019549367352 1.7597653617094926 -0.6233392114219546 1.008447384180301 1.2273412382529225 -1.51138683306011 
-3.1243551416240254 -1.795996161154852 -2.20978619274259 0.07953721919029937 -1.1807307173897645 -0.4238150695467507 -0.9178830115683497 0.42044597857323507 0.820655043587858 -0.044776176638395025 -1.6033280986779501 0.7360337451573733 -1.9202769358653975 0.2304884310660323 0.7948314278940387 0.48395963166050643 -1.5555483376157206 -0.9949310609707083 -1.2991436036944792 -1.4250747926869654 
-1.115174948430376 -1.7372027621190873 2.7194045849922435 0.5721518265334758 -0.37835674964573157 0.2430139801298364 2.2497925259644536 0.19118111331937743 -0.5092926892645582 0.8932784801204208 -1.2426251033522655 0.7739718462276247 0.28054784942965216 -1.3947725635272326 -0.8076184789440298 -1.363912882232019 -2.350097242534257 -2.3598878375153043 -0.532027709672406 -1.2420975125196563 
-0.22292926572552849 -0.11632129780948307 0.5786120517858516 -0.8533945997490803 -2.936611228638571 -1.229703058607885 -0.3795263173478727 -0.5348172516362969 -1.4292156493673664 0.04537726999853661 0.48051543303561467 -1.8930086453473756 1.1132897221400153 -1.1500150972172143 -0.8188680283692789 -2.4250009212312755 0.5557002740680995 -1.9382226907944264 -2.2347295531828886 0.6463038362947444 
-1.9360225101064006 0.022344633656929336 -1.561384954302244 0.1645099352879956 0.901856776985155 -0.3463977550884152 -1.561299460189516 -3.3238489578965402 -2.157594340310483 -1.9157371173514597 -0.810761623563332 -0.6460838926377451 0.0532899077917278 -2.389737955586622 -1.2352744271908023 -2.0549591145170325 0.21044955582408262 -0.6297077734593569 -0.23326268748295437 -1.1714926769520277 
-1.5829670603080919 -1.2318387813587497 0.6606523317684662 -1.216498541067246 -1.3789664484276203 -0.9102005460106585 -0.4544107129575889 -0.1537596363042241 -1.290979278351611 0.9648049899241868 1.1506332463214137 -0.37743907955838196 -2.002831069019712 1.2982310957857424 -1.067309313057611 0.4185226868089946 0.7021126239466853 -0.08540315167310648 -0.1882920186943989 -0.3097505637263626 
-0.13742990348835396 -0.056955338338484644 -0.7907230754236299 1.3890981457362843 -0.3956004696386838 1.3137420326153277 0.1680236736616148 2.421932641735694 0.9227420228011677 0.4580300817586085 0.25522747417616204 0.8342551103193458 0.2606836728743478 0.9599014428524356 0.8188080697551506 1.778473007847429 -0.03607478383740917 1.9138104784322474 -0.10571424164209522 -0.2755010082679079 
1.0154994271730446 1.5673127339747435 0.8272152107688223 1.8881916991081442 1.9146769930455074 -0.12227030872602293 1.1967046266544439 2.7724180517223025 1.2530534987736437 0.729588754086151 2.1202802612210827 0.681169202694933 1.6923093008617602 2.5412373560969894 0.3590241639302302 1.8289313252817645 1.4509064905119988 0.20728487133122478 0.5815786020835791 1.686071005809338 
0.8809850944078058 0.038750019896745265 -1.89404356371634 -1.8323945225379392 -2.7992831198606773 -2.194045604799743 -1.8414032514689715 2.6149888896657574 1.1565930466598602 -0.6052978552759815 -2.681381541210317 0.17483296663873213 -0.36315866619434267 0.06787111192763312 -0.21008427797934154 0.45843200058336325 -0.27230309384848295 0.4145178973393923 -2.0066903662544004 0.6585336196069032 
0.1438129859712016 -0.09303126950818502 0.14487122897740626 1.3010845620789235 0.7889480391056991 0.3987253524400999 -0.7264727786808068 1.7452636366239749 1.2595631484977734 1.0065549982765605 0.6224378024182369 1.3550342584831718 0.0028091835435705317 0.07228327170393403 -0.3665190064038453 2.2475519035738314 -0.5117178231056301 1.1836582806192486 -0.23783301621846498 0.010678021774314065 
-1.2392172271373894 0.2676399014770827 -1.6827622872834909 1.0365859045589907 -0.5997869553075255 0.021761025109293265 1.3751017392642493 -0.8470996550469809 0.13443453951270504 -0.08629432306966828 -0.9621946106197167 -0.4683096315707539 -1.680737932870803 0.8878184616789113 -0.07249783280095046 0.2943197646606654 0.4933967677346603 1.1581232003368718 -1.0411804716695932 -2.5973301024505138 
-1.7420375155664811 -2.3464493993779936 -0.784948770709421 -0.5432029813832917 -0.0688283675878883 1.1249790614157698 -0.7224835990373826 -1.3701893517585269 -0.4985605354182195 0.16885873084209185 0.9931248025408863 -1.3444861525922105 -1.307827355701241 -1.1131217739465236 1.3824151040909658 -0.925811268674097 0.5044844703184755 -1.1184226142284177 -1.4515585599007135 0.11330080818331761 
-0.982119880103569 1.7603291570311557 0.21948830491209143 0.5929313243485547 2.1236486616630064 -0.08490605707554584 0.7109374278307999 0.2539607521796808 -0.2459356034448543 -1.2956802804103262 2.378694567384637 0.6073609413564378 -1.657464087265905 0.38894233382179 0.5544502036107832 1.267811356961912 -0.6402041107732025 0.16015454437379342 2.55028143420913 -1.0807698900961769 
1.7231079956495134 1.0163987188169252 -0.9849131400712449 -1.4490202999590094 -0.21758578436769488 0.3466397227575763 1.7788866725884775 0.963862507729104 0.992513682691972 1.238242745261142 0.9110406030189183 -1.8417371131694296 0.952750007702969 2.0923567095963738 -1.4829710498812325 -1.1928769466770586 1.157510091424472 -0.5674288713735286 0.11034617988984163 0.32381020333202243 
-1.5149872142945382 -0.10424629121156452 0.15264865984209483 1.0000811629171997 0.12811583890944778 -0.6102007905415875 -1.0584626061603692 -1.9951292214199838 0.06831837197867252 -1.0811875096496495 -0.7024010679505621 0.25924482059479553 -0.6520698278805735 -2.2941445359912667 -1.6042526325795592 -0.9778544549408128 -0.38832530995785286 0.40962164409756124 0.9937777179829193 -1.7080885887373711 
1.3146607132443116 -0.24799323682573624 -1.8030288776567267 -3.7383449549456143 -1.1854614427276442 -1.6790641856467101 -1.6712733053314146 -0.5461888066934822 -4.193894853822159 -2.3212150777082226 0.29458507940045053 -2.810644745950181 1.1426473251866334 0.6101594271480211 -2.1175992472984912 -2.8819424752447182 -0.20008465190735958 -2.0601319373297233 0.3517249261371404 1.0490293137798774 
0.8778495763841873 1.0344857974140669 1.3709462701223494 1.6649827617041533 1.3202493249991216 1.4277508101015297 1.3070847274227992 -1.1196955773019635 0.5518438983191503 0.10428873229723595 -0.6188707527163031 1.1453762568881474 -0.05656828122244581 -1.5625825182810975 0.8332454689284945 0.5583413140756277 -0.023162879800209802 0.5444238123875813 0.02851782083643792 -0.0859681560762017 
1.5723301661167628 -0.5736787848977446 1.31479315124706 -3.548424646825428 -1.9698195804246519 -2.950064589918273 -3.237558403950348 -0.12315294976239104 1.0593031430295332 -2.834816795287774 -1.6115438350483002 -1.2369205836167976 -0.42976049382567155 -0.7926344567063509 -3.1682987512024443 -0.6208069537867241 -1.979662160483596 -0.9101297386813297 -0.26787846668492965 -0.3412784329699599 
-0.1965739065327906 -0.11481446854450102 -0.3082381668981133 0.16970152351679987 1.0856533326353641 -1.263920525355267 -0.43829561247161863 -1.1320345598391592 -0.5137131231610418 -0.9264616025427026 -0.618639357701293 0.8259095342659943 -0.3961477297746604 -0.9037064070651333 0.5755994843199027 -0.08362334068712692 -0.3016563441943276 -0.7129015004671354 0.1905490296371107 -0.853345102875943 
-1.400586732126895 -1.5140073282753221 -0.9056386688859667 0.45927200340658275 -0.9036700124344869 1.2743746908113895 0.61566986516484 0.3053128263560431 -0.5841059200138506 2.650841133024841 -1.650529454915985 1.3286199350125911 0.5999559533408101 1.61590749464542 2.1017756677707635 0.042456285181630846 0.3490666849075094 0.3592608988196062 -1.8715752417551734 0.3817318447059219 
-2.1577552365549155 -0.8475755770070907 -2.4576824154029913 -0.9225221033691343 0.4322149437187001 -1.7990131542333467 -1.1428339023938108 -0.5513119944947956 -1.5624321606929916 -0.80300433330853 -1.388011492459659 -1.1407397762387694 -1.5909643792664436 -0.8449576009730241 -0.7104771144116979 -0.35293010701411365 -1.91815017637341 -0.3860213013483061 -0.5455647454877249 -2.3442193806959453 
0.6931743043731952 -1.7818079757514256 0.8469378625381513 -0.916070504658807 -2.058662013776784 1.686536233730148 1.2564236070491372 -2.3354781582654187 0.6788416959938832 1.4064746480107113 -1.8504021983496752 0.06670700800784443 0.8637301641358823 -0.841479892444005 0.16060426434588054 -0.997827492210663 -0.20499053822017288 -1.1866612261802643 -1.0698785323145663 -0.7141797722081807 
-0.9110848078396944 -1.1085330386052108 0.283030969284522 -0.28434756191270544 -0.8588636165029575 -1.4123496010751109 -1.2771098127297469 0.9466474201553184 0.08425094221312553 0.9375472955306302 0.8747768912966972 -1.061535584186195 -1.9257809092181586 0.4833801307426593 0.42145455702871754 0.2962342591372604 -1.2451380579393516 -0.4858074975535568 0.028197026708959527 -0.28260181551002383 
0.9996396822738863 -0.3229575447631409 2.475629661023168 -0.43576920104878053 0.7245295547207564 1.5246410799073093 0.7314897762554996 -1.5881648962022186 -0.7319094772607386 0.8498517746174843 0.5971469041207786 -1.001725190377307 0.47784965672475754 -0.6050496047361277 -1.244031590952548 -2.5804270964011295 0.4347967065014873 0.5598905170018881 -0.047077679674878026 0.5025649871604523 
-0.002398174644703096 -0.6035052021278865 -0.731810543452144 -1.1041912147643658 -0.9547919040743787 -0.020585148236911963 -1.2564149942319214 1.3016281057580872 -1.441090601731477 -0.8753663646628388 0.0848955861984541 -0.14171986718410085 0.6441541057308298 1.361537898132321 -0.24100918406736715 0.7674075276212832 -0.14794529262263853 -2.1479106789545104 -0.5820268444653092 0.5077227528512336 
-0.21973642074835525 1.8207966393912882 0.7266397170325393 2.2962185364870353 -0.5845548716996681 -0.6527537830785473 -0.23929831136699226 0.4830623491400135 0.25078783552305395 -1.1181854433084846 1.4621191848720687 0.06837421760168348 1.7147196103546556 0.4489994761705003 -0.4595053581695219 0.6859684341336221 0.9193153685785601 -0.9195007120801647 0.28507273075619555 0.5231752774010667 
-1.406734732938906 -1.2068742649167497 0.14262758411798981 0.8948165809170104 -0.8310938907021662 -1.185914753004097 0.8118676691455229 -0.6692870183319823 0.5841050112542816 0.6649414122338347 -1.8807725121348389 0.74099235503977 -2.621847128478168 -0.9189058139846398 0.4094861661396685 0.15426811864143442 -0.27738779317034323 0.9794903182868928 -1.519674704752784 -0.5370715130231836 
-1.499532777586423 0.8042691063166089 -1.5277202030696977 -0.8410822461991901 -0.3660627064650366 -0.9416059743691025 -1.2019040738901083 -2.5061057108699787 -2.8255748707355006 -2.7070571100781318 0.7074332127961961 -1.7179852866923302 0.7043360015657723 -1.7198830592487702 -1.056218257226722 -2.765113927723072 0.38003632029283313 -1.3813240358250796 0.6929633311867468 1.3340860449889835 
-2.5648012746769755 -2.3800851208231535 -2.5015300813566146 -0.1015119368497728 -2.3458730137033292 1.021213303920583 0.7894250796121142 -0.7626929147401781 1.8475207341071005 -0.3806299429910179 -1.7442046269658635 -0.2156340849824405 -1.0508199891231007 -0.9854403745981306 1.1483803121099232 -0.4167305775576511 -0.5138082963498217 0.6098662518193635 -3.5571570334657463 -1.3734775811556825 
-0.9451749878683996 -0.30898196569184555 0.27720647397137943 -0.23411182507688033 -1.6093547355368805 0.004600680365888255 0.11878266165352977 0.2548956610702131 -1.008235259585819 0.3438060078126616 0.905519347611677 0.04597617531880447 -0.011033694675678265 0.5010923387417786 -0.27609138844569187 -0.9152949265168677 0.12956147708917384 -1.3878198777661432 -0.25689942080410033 -0.4385495884616767 
0.3652239946780538 0.5141305327917192 0.8773142517987542 1.5943154896096332 0.2812124701292215 -0.6109267002134828 0.40265149482978485 0.18412157994730668 2.1469257046716446 0.15970048351870764 0.059705969190219865 1.5463813888023186 1.6417915024813137 1.8570688998135254 0.39945150351298486 0.9673828999254809 1.9135403718664634 0.3301038468235455 -0.08352304558503232 0.7942106267658058 
-0.42985156295692367 -1.9583078056058756 -1.0761490770281197 -2.1223291875844175 0.408422049515445 0.3324376394488369 0.5186656269716624 -1.7984811879407023 -0.09132631021599488 0.7865802843161456 -1.7237686582484435 0.298853530537834 -1.2906395058598283 3.486449871588149 -0.8631318563193108 -0.19122097579147873 0.3933268132112826 0.08724338239620737 -0.560216443144603 -1.829792136923252 
-0.43765579643923846 -0.7299290637409551 -0.20736547876217967 -0.0648078078917108 1.4982847230967065 0.37640211543053026 -0.43312777102270444 -1.352620748460271 -0.17281974669486588 -0.3908832045144209 -0.7790010088831509 -0.24071342284590494 -1.493923037492369 -0.7580675031631675 -0.3901051140784201 0.8079564176959576 -1.3684868250875812 0.9292719319573356 0.3713629899412817 -0.3278373501425494 
-1.4570067139232195 -0.10344261330353481 0.1898807668688181 -0.8721400135204171 -0.8277594682840574 0.125688193601771 0.4860300169452747 0.31046009287681486 -2.007277491967873 0.4071512415513857 2.118006882980183 -1.2447948603029055 1.7124289240683714 1.2151824870414571 -1.007201506280661 -0.7146257141267022 -0.02643000873208367 -2.1589993874224276 0.8731471852867133 0.9077084691779235 
-0.2751628927816517 -0.7731525179549059 -0.7095961023381864 0.1495208293464139 -0.07997119620335229 1.6543155746369502 0.1522908546084631 -0.4146624948386554 -0.16740556830975295 1.027809607924736 -1.5092476733941935 0.8012876484260494 -0.6482491464020378 -0.903338197190729 1.2670739469126262 2.0594949316529707 -0.9643715942755339 -0.6244133448108452 -0.20124351507158436 -1.2445298089026082 
-0.24413219989424356 1.4494048211106643 1.2639467504618995 0.9388095422944177 1.2329028273447404 -0.3767403561936603 0.506727223470116 0.9369143240743267 2.4384571413264124 -0.6105389834756324 0.034549044149265885 0.19742588965292604 -0.47701059357802134 0.34806172627113 1.2337966003167393 0.6676947013450905 1.381168134016163 0.6821778147055282 0.319362281736919 0.0744727774780086 
-1.4906698532113312 -1.1353687430506423 -1.6671724445267309 -0.037204242706191736 -1.0386870452488726 -2.002186848944271 -1.2958681225010091 -1.8001777274288828 -0.41767277831224864 -0.2286695724779623 -1.0548149806395 -0.49096210886804564 -1.0542628429286447 -0.837959379660586 0.5864085787804458 -1.9944677869702554 0.4893437368705945 0.4942437885801418 -1.9414222592731143 -0.630038729255764 
-0.1664984462066282 -1.4999214036176929 0.2528309432352883 0.002778280793287023 -1.2213201145334223 -0.2196645758656476 -0.04562358572101823 -3.2623809312998238 -1.4964920563928177 -0.839028946727788 -1.8969084167184607 -2.1008131892347817 -1.5875782084230114 -2.8588887459692764 -0.7826832619718495 -3.99511325669298 0.20237180030297772 -0.2243011628980703 -0.7020605304225969 -0.1460478391108715 
1.023481919188807 -0.4121280987385583 0.007760087760219692 -1.5254406112115944 -1.4661252178111166 -0.5612444800855975 -0.7539931593824982 -0.09318595460453043 1.0332433452446736 -0.8020328415672694 -0.5459127088642819 -0.31546786159563295 1.178090792472537 -0.33549601341708596 -1.0216517240789558 -1.4359169949656176 0.9374741680326184 -2.290913823036338 -1.2364147762563804 0.35192431242102273 
0.858024035470303 1.22347043422414 -0.3579810561783025 -1.4234979317027299 -0.8358370958185805 -0.8599853034739887 -0.4406050663928511 0.09455823235037564 -2.174223164627604 -1.8142118893619767 0.895129497817871 -2.079819685165454 1.7728788339451282 -0.4588149245316788 -1.8863326277636214 -2.450865795390892 1.03710966411456 -2.425052991577162 -0.8853301839442674 1.3070409841462343 
0.7394246025262916 -0.22819228621985777 1.2461175005807308 -1.43518459600916 -1.003617359819008 0.3231821750894357 -1.4981043276502044 0.1438997585818016 1.0282311969740112 -1.0935804774564817 -0.7586915328147932 -0.23123955707209623 -0.4118246752232852 -0.32565741203107634 -1.542178968956147 -0.5152069016036691 -1.0191424551229236 -0.19715175790419495 -0.6138631733777979 1.2158876729518828 
-0.783135187767036 -0.5074727141858707 -0.4159415695080649 -0.8878767413661021 -1.0891586603417425 -1.6571762878099836 -2.753657772248944 0.7479498768240284 -1.3818905802042891 -2.290154628972131 0.336558096805056 -3.110803915495207 -1.518224860217048 -1.0217840458982839 -2.0288575769057244 -1.3402480581233671 -1.147963452969784 -0.7827607774467047 0.20603379856057208 -1.405323959463946 
0.9493066221261441 -0.6212809262380722 -0.8914811768193465 0.3843955388325233 -0.40266907741615693 -1.031318920308278 -0.5356131875485959 -1.5258421546424004 -1.1280552802774575 0.13998009394868222 -2.3493536113408107 0.8104210307587191 -1.16321484803572 -2.958793856603672 0.6184620875602251 -1.2596009949705278 -0.794365597302781 -0.42342225280678775 -1.3949687974453286 -0.8497471279569648 
0.4993255232506782 1.554582056598186 -1.1108535593856967 0.25165521503054505 0.45629991682262383 0.5788643481444031 -1.1502515863490042 0.9031608080230641 -1.2937262468126633 -0.17455271447475515 0.29400491494261993 0.3119882830334646 -0.4544547999735107 0.13952225855435035 -0.8487167018155756 2.037198712348832 -1.6894844532874895 0.43799240738777384 1.577870134367965 -0.9662629165846723 
-1.1868935061856867 -1.8390162120767486 1.0385147336365625 -0.7475903479258487 0.9169280117467182 0.0825278462266029 -2.518249587854004 1.3429364670885042 0.8593842860236818 1.386290969502008 0.146134712808379 1.3745441662821913 -0.9177049119349533 0.6204689140246247 0.41492876296692965 1.339476671172641 -2.1708201967782292 -0.9303107557582936 -0.671161966998825 -0.13076149973765303 
0.6241815519535987 1.5741225134966017 -0.46111436959065927 0.005054256843696661 -1.1484565688286283 -3.357964886087783 1.5317692133688074 -0.45257229232834606 -0.9205459155435459 -1.223189117765734 0.12239151576642553 -1.3091665506499137 -0.6726298399756487 -0.46165062770178833 -1.7172084296247814 1.006213701183931 -1.4281508320690548 1.0965224419659085 1.0162984481059976 -0.5517122358837798 
0.11517324003858276 1.085958583281767 0.8154045937793901 1.0720982786243103 1.0512590546150982 0.21699618959166272 1.0683161273661057 0.8130352648952579 -0.9176190148139742 1.3505328351679609 1.1173723827030293 0.6610370443124408 1.4562766098004676 0.34442738770379894 1.0993109663454532 -0.048185881736043164 1.1962410367100447 -0.08203287701800921 1.319418067084696 0.7106777163112634 
-0.18295880899420694 0.9016922861136338 -1.464338754545626 -0.9340744773027716 1.1370944585365212 -0.7253997748840205 -0.00961917861806629 -0.7235336117282607 -2.1533692041445405 -1.0837155165328753 1.7022809800583287 -1.0328387297768584 -0.025779421880959642 0.28280850198983254 -1.119762492335636 -0.11917938759943142 0.01275873759813541 -0.17095083699739216 1.35705716605005 -0.23305460594890434 
/-1.6747848482829404 -1.6361685991357433 -1.619841137463357 -1.6594813267867168 -1.653836408480138 -1.612416991091383 -1.5906172109433947 -1.6933904865153373 -1.6891895282313798 -1.6722292387073867 -1.64530445306832 -1.693416008330984 
-1.5508638680943576 -1.6460070206665498 -1.580350530243861 -1.6717371521329927 -1.5770459351230395 -1.60138927590446 -1.5986558092134222 -1.628146832980417 -1.62081310291957 -1.562207415584376 -1.6540878335736493 -1.5694285952060658 
-1.4200361522307179 -1.3988100111342554 -1.3797711072436607 -1.409560230576524 -1.3419531284683304 -1.443756999003555 -1.4593382259919512 -1.386737680236372 -1.3523029383216312 -1.3988072531525777 -1.460533200617781 -1.4217028197914114 
-1.4964795028815567 -1.4872993354156852 -1.4880574334765233 -1.4116944632755808 -1.5104988526809007 -1.5007434058187485 -1.5059431247558202 -1.4856919903022405 -1.4472187898169278 -1.5182441692581976 -1.4802382418744993 -1.4928960820933304 
-1.681551143146534 -1.7362997121017232 -1.7053995740531656 -1.7384577061042634 -1.6783622965066456 -1.7486349758468265 -1.6903715069542458 -1.734754663012562 -1.693286911619509 -1.7101803019740494 -1.6689251771580431 -1.7628378369470568 
-1.637153783667829 -1.687068839825727 -1.6941134479244084 -1.6927141975953273 -1.630411688431862 -1.7430864159737132 -1.7133225464054245 -1.65612577730451 -1.7707349106893489 -1.6585469074273531 -1.6987272696107705 -1.6563440854987428 
-1.3472941179294091 -1.2327845813131348 -1.2076194583323068 -1.1376382161583887 -1.2329990747045554 -1.2239545852932263 -1.293930969921843 -1.2335120348403625 -1.2619007769241044 -1.2673710903732816 -1.2253753269305014 -1.1789299700476505 
-1.8234774668896654 -1.808086935519697 -1.747045410869077 -1.800878454194657 -1.6848079396366125 -1.7438598782111312 -1.7779399073961082 -1.726592159052214 -1.7033796739647127 -1.7528083772847571 -1.7532523866905934 -1.778667307296175 
-1.7381242466119473 -1.7219130539734144 -1.77403131999274 -1.807496436940613 -1.6836152174644818 -1.7877520255077433 -1.7755299890088965 -1.7858132837386977 -1.7295270082088081 -1.75155444353114 -1.8103826416958433 -1.8411911900973899 
-1.1440652448751418 -1.0658068248931714 -1.0693804018055455 -0.9918352253960434 -1.0370560726223734 -1.0840466515231901 -1.1144958657496347 -0.9607993089022414 -1.1220387615232374 -1.112707385254327 -1.0291260730562342 -1.0844111363699416 
-1.7329706896059003 -1.740213821098787 -1.6900515163703183 -1.7426814579217913 -1.7016069197362074 -1.7259544381291252 -1.6313410359250269 -1.7103929968042093 -1.6821361672686728 -1.6725862291493554 -1.7894715514384993 -1.7228755359701384 
-1.7001011767890077 -1.7591272460352678 -1.6655599684772593 -1.7278409991962522 -1.7010400240630075 -1.713265436439464 -1.739775741806047 -1.783623498553283 -1.6801477004893575 -1.724134026815335 -1.778948856763421 -1.7765357036264087 
-1.7376359475269698 -1.7820992146943238 -1.6727270539605583 -1.8037209263216807 -1.6968050413985136 -1.7528661978143552 -1.7973488727671794 -1.68007112127265 -1.773719647859268 -1.776391958768259 -1.7547012751377322 -1.7855352733423184 
-0.9130292120664287 -0.9883168331581066 -1.09807338126582 -0.9114968345334703 -0.897483839835633 -1.0874793429063099 -0.9974700003845973 -0.9813459859679461 -0.8825144173323183 -1.0470662334936993 -0.9642801688607675 -0.9111847447351334 
-1.3315616009281592 -1.3936423760396033 -1.3375845773537267 -1.4190093886857145 -1.4488638701486296 -1.4031965298274773 -1.2741283343073395 -1.3386806906663997 -1.3705843578289556 -1.3855156121946441 -1.3728609515116825 -1.3512042934206112 
-1.691425704753443 -1.8580830756557858 -1.7305523425489924 -1.7414774385101695 -1.656789146447737 -1.834473771220893 -1.7583064053853734 -1.759917779359352 -1.7112679481253377 -1.8066519747863117 -1.7478765538356933 -1.7691969839126351 
-0.8894004653370696 -0.8891480233063181 -0.9029903850438727 -1.0377850829106015 -0.9476712699561429 -0.8340907737127717 -0.9069487052699665 -0.9217278440124326 -0.8665927064678245 -0.8360689914122608 -0.8566239356164684 -0.9102854869076202 
-1.6435285072185022 -1.5672424066205617 -1.5143875121134733 -1.5234655180975263 -1.5990229251703805 -1.6807563710827411 -1.5002627430260365 -1.6039466485040985 -1.599232690290954 -1.6604456560432561 -1.568793508682146 -1.5697018843670785 
-1.4458796391761761 -1.463802429601739 -1.406428533796833 -1.459921929104093 -1.475467014593579 -1.4754224902064026 -1.4923918802438634 -1.4049362666629028 -1.428797319214955 -1.4567443970098175 -1.4495672216952968 -1.5845919056555573 
-1.749018121481349 -1.7408704415754144 -1.7094860688150164 -1.7562521392705392 -1.7284651226350283 -1.8067165466557527 -1.754888130201094 -1.8028893655150744 -1.7648663243645997 -1.754657962885789 -1.8134946472901836 -1.7921059132056496 
/

294 84 147 1075 0.855625

