-3.0922553517084697 2.466489000153633 -2.1541392199465217 2.5491803878294745 2.17014263065561 -4.064464438411816 -0.3185756541072336 3.689819774109698 1.8031083053560135 -2.8162756039098302 1.995955946695879 3.329715508577854 1.9529450939208177 -1.030270524539283 4.253317643424993 -3.140238316202162 -0.032845133638932496 2.0229579304286864 -0.2351975522940344 -2.487995411571441 
-2.005431867570765 -1.9377211849105367 -2.219949787864581 0.7276236756055502 1.7011238859271016 -1.593605469345665 -2.674942088899377 1.1052277833030868 -2.130708882633456 -1.4546850005321699 0.8286361616530883 -1.2640680572545124 -1.3411388761391252 -1.9783697981496475 -1.2744670303286885 -2.2012781577705076 -1.6402144764456852 -1.8019036789758984 -0.03890852046670987 0.357797525103071 
-1.626349406907516 -0.20916092326909322 -1.292875405153565 1.7023575992638873 -0.22424735777204194 1.4624321024520779 -3.483199692312968 1.8324170444624284 -0.5495548243326205 -2.3518114566641004 -1.3767835163423645 1.4738478198403726 -0.6526521413852392 0.17617624683929534 2.3033692605233704 -3.707802209935587 0.186650247708335 0.18304772788954368 -3.0987885565549553 -0.760426578482454 
-3.852808252053796 2.5814052427021057 -0.5232008746968178 1.7652342376088794 0.8644760297156949 -3.7480544032386796 -2.58027066020873 -0.5086965253780682 1.010333261004624 -3.229342537402708 1.0455789929608892 -0.8355227045078433 -0.9275483645967522 -2.8259536936641227 -0.1576837334890752 -4.6287971660170415 -0.6768816029122282 -2.386454031348715 -2.206941700270868 -2.00985231161292 
-1.816698806353487 -3.7537283344717753 -3.692033304671751 -0.42885108945197986 1.1784618120200725 -2.1262424532430746 1.2440353086803493 -5.4315893463423714 -4.503523107809454 -0.7372022744248315 -2.0198769114835673 -4.177630984211695 -2.7027012659387135 -0.3829597729703714 2.1165780832400647 -0.2201528157677098 0.27237938405071516 -4.224783835605772 1.647001589410046 0.11404183013211502 
5.039063766293567 0.4938283644850256 2.48731554175844 -1.4640365094571088 0.4130336714562851 4.026559213255379 2.405188223329516 -4.014036715557386 -4.109573203117474 3.716360903992436 -1.8431400883182103 2.0176636060516837 -0.0373651114467867 4.388795986121501 1.3438047304076848 0.7691165747906452 -1.427696325389721 0.09676600011214805 2.7744286448214375 1.7011702047908985 
1.025218802945092 2.5699009984576673 2.9876185938208137 1.5555270679743125 0.8703583662387594 0.37724877562462217 0.7118451404192926 1.4153911710309643 0.8318500594498138 1.0329012286215913 1.1902186459947772 1.6191814573756853 0.17137916474479334 1.0741206685901439 -0.058454804313743565 -0.02803950682995395 1.4006668703778218 1.4026530905687462 2.3011681191023867 0.0669353221638648 
-2.3235852421766867 -3.219009734479964 -2.9835597168268237 -4.777950559568358 -2.4478677973479366 -1.4053478280626348 -4.903674340323845 -1.8953715458233824 -0.7410514620429327 -1.036130545531168 -2.4548086740880852 -3.001677229480493 -4.40381716404081 -4.921627608676608 -7.796457994698486 3.2441639446520973 -4.716404768656495 -2.3301264382714164 -3.9506298410028315 -1.6983564184880364 
-0.5317828938786837 0.9759899825481368 1.5285512550441804 2.6177825205197514 -0.06754808743160116 0.4323861321690536 -1.1689909467741124 1.7598518947964583 2.335430975189762 -1.3892228393462165 2.072528466642046 -0.12705903684027472 0.3588349033579326 -1.452351719717322 0.2151766272883451 -2.7926402747078085 3.458791583223496 3.3584690416493785 0.25526523822619174 -1.7989371488967572 
-6.901718226582979 -2.0049691497077062 -3.613047266955371 -5.951472712190122 -5.0271891907591115 -2.079877633527166 2.204321698066991 -5.824339362242516 -1.6029264730969133 1.4331803668258496 -1.079726880074159 -5.47203811045008 1.1520716718088915 -6.527021062082496 -3.5531050931010113 0.009435821669439105 -4.833682866592392 -5.689781782128219 -4.887073152131884 0.22122287163196241 
-2.928369702579161 -2.6668632545658895 -3.858867516888695 -2.096676357171026 -2.5769376067064154 -1.5172533292385126 -0.01808981168628452 -1.3444396870226245 -2.8325768629684513 -0.9580369797419528 0.9667843241384716 0.18117108375720173 0.6369473909025778 -2.8917621718552695 0.09573488839024843 -1.1099245978002175 -3.5898076335174847 -1.2081766733183892 -0.028871015281221952 -0.896043232483641 
3.994663173623178 -1.3472895220399863 0.8424268786143359 -0.3831024213663718 -1.0235676252791925 2.2142988458749184 -2.215664002741779 0.2886485803181166 2.3912734613104063 -0.09695561409696643 -1.1193010471072689 -0.848531406104125 -2.7370987015777763 2.7893498217378534 -1.8247497887589896 1.209932350884512 -0.3145007262929495 1.9164471365795066 -1.4791743540427675 2.2713839025387497 
1.6574265532363983 -2.684243917019268 0.14738585497728401 -3.6572413260101446 -3.0508566842562894 -0.061000943064185346 -0.27117673386480406 -0.6673014926218982 1.305219490321821 -1.4343220585125298 -2.4127238816553795 -2.045321765726787 -0.182519368260557 -1.3600929642437636 -2.2504671977043507 1.152602591657055 0.7197811166239757 -1.2333316503750937 -2.058603320972672 -0.7821755957775008 
-1.3541141278036586 2.033529709147524 0.8201419902809318 -0.6234816850633158 0.8292651510087894 -2.3250065494758037 0.2264132903181057 -0.2559475882940373 2.2390832375815646 -0.4016150548855692 1.6691899831462083 -1.4814175579311695 -0.6772012538494504 0.8380431775716141 0.5210157446305048 -1.0030445838571083 0.28316571933547185 -0.6715175577220341 0.780485739873208 -0.7353673387446308 
-0.001724851709938503 -2.0774464239817716 -0.4827322106759533 -0.19100500969171655 1.3510040579908649 -0.17043031835875577 -0.859594444572335 -0.8758244572049283 -4.190038080841703 0.43205023755080607 -2.1782953979315645 -1.426109188414619 -0.9229816624901714 -0.48055720075983566 -0.6523218576017565 -2.130971519097853 -4.34484191049715 -2.9627342298496093 -2.178306125835414 -0.19720636980799267 
1.0615784969642168 0.7234317558849468 2.2297780151720903 1.1696880000268384 -0.10566330996375281 2.536230930459762 -1.1340742780826258 -0.3785182654967657 -0.486325964060883 1.8485686906887715 1.3453627487356337 -2.445318120778596 -1.3266539645340854 2.5340265488293827 -0.5588226239175332 1.1604774990402458 2.9594454043994736 2.7626613151048955 0.22749147283186388 1.0493524816702213 
1.05285133055924 1.1102082970442464 2.2477196274557607 -1.8103490384325387 -1.2785758856602036 0.9499458065132894 -1.6164805165225025 -3.2392352769270287 -2.262720870133391 0.8347050507221746 -0.8908116550700256 -1.552691627597103 -2.993731140803148 2.6570068650112533 1.897825785799384 -1.5010184565614624 2.3136875259894834 -2.7465901792066836 1.3948869847504541 0.9405900353611911 
-2.1177398156601397 -6.244189365571046 -5.521086089818671 -2.491160977360127 -4.9723876828555 -2.7872577658308946 3.9108206556941303 -2.3614139946996016 -4.061781290385239 -5.023161169755246 -6.376172034735461 4.654510379736222 4.454632678204629 -3.8432872333769104 -2.6877586005610468 3.6567793569356843 -0.8991900187439557 0.7154857353938819 -5.2208591411946506 -3.780998538164756 
-1.6693687396341188 -2.5969300924811463 -2.5793666941141593 -2.981692650439238 -2.1978916048921953 -2.47960981000422 -0.7237400511892683 -1.1086063336147263 0.016358326532273097 -0.844131010859478 -2.5167453594474702 -0.2849131616658552 -0.3994933515728592 -2.334689891085757 -4.518337630929719 -0.9973263862521605 -3.57849524561932 -0.9322256150545164 -1.0809624865079326 -1.667771790434824 
0.19648409181351045 -0.017229199284037964 1.0426305014217307 -3.4776452023206206 -1.4797203275963295 -3.1559755547839647 -3.3800292401256202 -0.3523115274934883 0.9010219042859755 -0.13468163375345593 -3.7323552646503675 -2.48230356424351 -2.1887037470367976 -2.4427088375598056 -3.304352555445019 -0.4068037180807453 -1.9476004888447147 -0.6853274098207923 1.3111099051602682 -1.3397974639651526 
1.2313932554408944 -1.7600309260528502 0.18959298247013587 -1.26388424185084 1.3659902148679313 -0.3268652121928977 -1.9156663103305809 -1.3896687319642493 -1.515979042363644 1.404550574206017 -0.737552996683767 -2.022428711765903 -2.6540500415149095 1.4697742391118191 -1.0454284073883986 -3.8705602645025428 -1.993083724118904 -1.1472512018989611 -0.6458091922213132 0.8150476929751966 
0.44529970558291654 2.1279054273857247 0.5733308699780979 1.0522739178128442 0.4167542165170196 0.13311980964428438 0.5396043697158138 1.7728164318070518 1.4638146631118005 0.39862033528775687 2.4232314242981774 2.6843161998569203 1.691864724921008 1.0161883583723896 2.345720303725911 0.16499037303995323 0.6511418244364097 0.8459509016450474 1.4449813770025266 0.0031434980826787534 
1.5727010860911113 -0.025098968767001524 0.3311207402571794 0.7964165138834343 0.42296275326387445 1.4491575273184485 2.039166274439237 0.7636903078430648 1.1427186435490915 0.05536894997058174 -0.054188026113737194 0.9427771841792886 0.46015917265258743 1.2420890530868445 0.2680484645788205 1.9641093087965067 -0.021840943154510423 0.882226954419665 -0.4101090780377738 -0.3148764533284232 
2.2637077324172155 -4.395629403951038 0.24012326850749627 -5.497396705709232 -1.0044857050171543 -0.20778543814699607 -0.39865849267726094 -1.6920122890621145 -2.072878154825077 0.872112008195591 -2.5174471343863556 1.2697993502324707 -0.06353194971426275 1.0296746259935665 -0.605159315822818 1.4229631476473912 1.848863067081792 -0.03679105204002758 0.285688851508388 0.9102318794842071 
-2.172891644905695 0.6100430773927991 -0.7588564633101044 1.2782283888233323 0.41132473001337777 -1.8530863718027357 -1.6216505379939552 0.5214364547846246 1.5861448027914427 -2.3096838258133214 0.3596405550916773 -0.8319303343191939 -1.3666641520070182 -1.2793358138354918 1.0724916250159962 -2.947013755443325 -0.24174118895010513 0.29865210106089163 -1.7775951901326315 -1.3553182730145459 
-0.9495675274803451 -2.259522138775143 -1.4053522481755445 -0.04753024465968446 0.6986912980765198 -0.702057499574371 0.6450372412203748 -4.711979229285165 -3.5741230393212247 1.4575735574757083 -1.835945275657897 -2.7781940221890338 -0.8399341674089489 0.8257686530508082 -1.7883005338174545 1.6200745549669568 -0.25068880817115874 -3.2776504101958093 -1.3989685522818198 0.8724695755372199 
0.06193787792820265 0.774483803428622 -0.23370569591456464 1.1596079951886373 0.2539750536271906 -0.09255778239911584 -0.24723976299040337 1.9038278437093004 1.2905918004307602 -0.2267700466450751 1.8939443018150475 0.24215698207651243 0.6161987722703124 -0.2350745907932895 0.6868439960101049 0.18720815205674676 -0.4065787270387855 1.3946135631249934 -0.27471231401438423 -0.6030962260647413 
-0.7442714324880954 0.37489558518920624 0.1749370319048663 -0.5065290613293192 -2.346118609424995 0.6810629342210811 -3.7466860903991233 0.48060495916919904 0.5972057948179439 -0.36659816027189995 0.7252778277546471 -1.537171764713577 -0.8261658987865718 -1.3961856776449901 -1.5345723751720959 -2.7299109152835785 -1.5007203489443295 1.0024205567412932 -1.1781772176430585 -0.2811430355107451 
-1.1343168065200053 1.2789833441626723 -0.8830291687245196 1.458983915434353 0.32358158042388935 -0.343361517578602 0.6325436446623124 0.4383344761322209 -1.0540839105251512 0.11421648964496359 0.475246537382678 0.1349063742817578 0.8324312902539718 -1.057734876087895 0.8940246372466678 -0.7960390373614273 0.8324815667588796 -0.0753613266425756 -1.582888761381391 -1.2178600394182517 
-2.428227900633781 2.625165962970816 1.068862585609479 0.21796736126584212 2.142394936488104 -0.38071398444656784 -3.5724118078922915 0.6643792308263176 0.07183600783937824 1.1058970796018415 3.325686740568751 -2.372719052046723 -1.4565746569390305 -0.38923427875442457 -0.19770017948463678 -4.558880544513446 -1.900031986286347 -1.5109528768712794 -1.348125549038402 0.2887680532434966 
-0.5706453932311233 -2.9824181918872092 -2.3042480276344963 -1.1696751475009726 -1.5556846285998682 -1.6821133466819107 -0.23546843885435517 -1.837831568575394 -2.6588770147098586 -0.8185875197487109 -1.8974165321393472 -0.8053267225188714 0.26265283815394047 -2.199254599233182 -1.6067798048744686 0.4762517335977853 -2.2355510166328 -1.5803809366804444 -1.0972942038056626 0.2897467324423932 
-1.7588082194372585 -0.4830873599252813 -0.6154608186107583 1.1117931896160111 0.9707284502145863 -2.270559090090655 2.2025734496543454 0.283166350888851 -1.6097342424785808 -2.651566659585214 -1.6734720141169401 2.0913926029267644 1.8054723724002084 -1.669008286168716 0.2243548522513803 1.688361228468264 -0.13922148883744082 -0.3888271108180647 4.103997153298754 -1.8478293249202113 
-1.2315745301275014 -0.5575216243364575 1.0478035335609646 -5.190292766375575 -3.296787522569001 -0.3464232809108307 -1.0778734265444452 -2.1407148018688016 1.2981212342057873 0.582051970094816 -0.3520428280275384 -1.4075212956346326 -0.8922840452274016 -0.593287471376003 -3.0547662190853866 0.030780735165793265 -2.256643229603378 -1.0386868233382707 -0.9985809882023199 0.04993332040371847 
0.41055992799021435 0.523790823702948 0.7917384645058737 1.2113164753512158 0.3910658507665815 3.3781111293453736 1.709121574711553 2.7488998462538192 2.5975620724884627 0.5545445263391033 0.957941774270924 0.028318098677384038 0.2944558837116181 1.1485969253363417 1.4254492006395247 1.9804435149561548 1.4644430045777532 1.1400064906703098 2.603264539507576 0.20717960280935527 
1.8351322545390694 -2.305984667293208 0.09906953366161973 -0.9083141436842447 -2.7167923046910674 2.6232383675501016 -0.1625531922990884 -1.3539182127443785 -0.42167868453814134 -1.0148517742699426 -4.199072551734257 0.11705948440330884 -1.0044680384744524 -0.6165063528569509 -3.054353014443981 1.6547325882326533 -0.7065218727239859 -1.01212065080089 -1.8999526139124654 0.36910801229852086 
-1.2357506288242393 0.6672960529007684 -0.8279826224462838 1.2543535736588725 1.3652109498437106 0.224767058633007 1.7183193019907854 -1.2855898676764725 -0.8462805379425914 -1.7113890784463819 0.35480956258682816 1.0828141012669064 1.0325211384447837 0.6205780476367851 1.985067712483914 0.05094271828021852 2.0994359647831273 1.393106001813242 0.6889839188201915 -0.873060825942142 
-1.133710796033404 -1.8182308826779046 -1.9070833853993192 0.6680523116007936 -2.2032697920560183 -0.8994107755239154 -0.9307021925417132 -0.17809678224687217 -1.7735165586280017 -0.8008221636781527 -1.3200039216226196 -0.3467875048637778 -0.8417676914800413 -1.84176318215978 -0.6009830972537559 -1.0806219339543204 -1.0950228153201425 0.8231155634467107 -0.7572451559374908 -1.0372138524029784 
-1.8402843948459906 2.2567164232590256 0.6208875974357313 0.8331327854437797 1.062750966021693 -2.3268753467841528 -0.3828368610985196 0.1414321242259908 1.0645564506046372 0.48618211132567224 2.380421296284337 -2.5051266707041346 -0.6967602333307734 2.0671768149388616 0.9300594581729037 -2.5531184558775726 0.47533644654620827 -1.6906163636761187 1.4686405099235338 -0.5144194318864381 
-1.174391637880219 -1.30464272133257 -0.8824802198345342 -1.7549434289590193 -1.8122113426780568 -0.7514773945907443 -1.0395107913911268 -2.9239703779789 -2.0624195598338093 -1.1288328179703144 -1.6783635580212268 -2.57194686927884 -1.455724401607145 -1.26189723981612 -1.9401454803610465 -0.6784572497794205 -1.9572009316227401 -3.0437548063258655 -0.929287436065123 -0.15311546902675852 
0.8385241759917488 1.731413796357755 -1.3919948939754476 -0.07701574573492687 -1.0932826491498808 -1.736541914068252 -0.8955085802412547 -0.14193839381314458 -0.43000401185806686 -1.6889942310160386 -2.1381995188222405 0.890882145723715 -1.3496074443854913 -1.6959801815540956 -0.4071911506965431 -0.09686348976428448 0.003887044693664433 -1.1696123601706514 -0.26532912368784506 -1.3496571062305116 
-0.15590115858389336 -2.433029169893681 -1.807831008547029 -2.522727841173091 -1.781130847263731 -0.1883243703998718 2.643182371767004 -3.162331248589842 -3.2296019351803054 -1.5198949076617927 -1.9807706698483507 -0.2550936730901809 0.9100815450014087 -1.240594284837288 -1.013799387247542 1.5018365973190262 -0.3535567172981997 -2.191053312221742 -0.14684730474520602 0.3035318043158529 
-2.091849153140501 -2.332691573409352 -0.8818759475192064 0.3096908620471552 0.1318723308169135 -0.5415265622667356 -0.028607507226344968 -0.9982028781541281 0.362839872777321 -1.155908885853261 -2.512314756066468 0.5573703728823021 -0.19632562051622354 0.3796946237448754 -1.7825635980514343 0.7121441859745731 -0.7331301530009046 0.37168406084889627 -2.5816551063108393 -0.6648229582585319 
1.7653128698284404 -0.43776317927607183 2.0884291407355873 -1.5642083609732225 -0.27085229963585833 2.2175233259872242 0.02322954278805525 0.3498211202342945 0.7674683796870214 1.497493480313394 0.06325570782908657 -1.031751526386495 -1.0296005643094477 0.7114559615670879 -2.413360111238268 1.6106215931598142 -0.31263444543733654 0.7658087867809241 1.266815771593183 0.8982826912207625 
-2.128233644698269 0.2652738400453234 -0.5548672285585258 -0.9433821106443607 -0.40850701088033525 -1.272318487000911 0.30828245756401634 -2.551921861084661 -3.4502470618500585 -1.5141842329777602 -0.05196089616719357 -2.004077953449404 -1.1635729193200226 -0.5473730648112403 1.413280082447851 -1.2323424354096326 -2.2044487429544 -3.8008184428573237 3.1061094425985414 7.751927700671011E-4 
0.23161744488763866 -0.3341516048550027 -0.42576595387857463 0.07995728731950068 -0.07283211705816361 -0.11345326719584564 0.4286067512969318 0.8174887656056417 0.44967609765877953 0.12084545807264496 -0.030860581906896535 -1.7331313422277999 -0.17513784426252632 1.0999337199328618 0.35743107848411004 0.4503102385065994 2.5178985754665435 0.3862716827854618 0.6795050297250361 0.3465128250293678 
-1.9671992559627394 -2.316742366565113 -0.649950711990818 -4.1455876553010595 -2.1249638548442866 -3.3044835394102714 -2.5143887241969707 -3.2562416349287786 -3.2015505420179937 0.8544583256558461 -2.6141306468013914 -2.490026048204698 -0.9649615406128316 -1.2060370528181694 -3.9832148343214797 -0.9679315499398653 -4.4140834097352295 -0.47459787239909973 -0.3325823664827155 0.4315186485902121 
-0.2187269006272561 3.1443794270170207 -0.1339918864727302 1.2182112924751736 0.11852440249806298 -0.8478226776005836 -1.4003772348138925 1.5818882680085258 1.886781643492552 -0.3287148496894971 0.6607096412469675 0.7733011069007013 -0.2405244533506788 1.5540427975747686 -0.031242997952405045 -0.6312357350352292 -0.76388184159223 -0.2662398369967841 -0.4624601100279423 -0.6344368979365471 
1.2595629252484708 2.433614383281257 2.27908502932662 -1.9558556136305743 0.7926564045001127 -0.6155949203252499 0.9782753588417611 -1.2982512026424802 0.8202841695335078 1.1393433560060526 2.4595788858802936 -1.5935346594042823 -1.3718906810775977 1.4629498596485222 -0.7578328066078118 1.8439441884689567 0.15172564541692057 -2.209025756751392 1.8303986855420993 0.37436803344614306 
2.994106545660202 1.1363736123519048 2.232125381721429 0.19583273929724918 0.7050972869754931 -0.12174893683405255 -2.051487829685179 2.0530745085445976 1.1201172436082303 0.6494138211052519 -1.1324881020079975 -0.1356257001249958 -1.6604136065512707 0.7338846285087064 -0.8597810377431252 -1.3693564978844777 -0.28998922291381135 0.3648047655267273 -0.2518233645861139 -0.9562004831970026 
0.33924382121036234 -0.09886550737042626 -1.503943394453459 1.3838717753799572 -2.591005554689046 -1.2331886075822376 -0.3937995565688721 2.0840389229121485 -0.058067648861186906 -1.1609986368374081 0.4324334428263909 3.633405765944603 1.2367746724389848 -1.176175814074831 0.5614189293138879 -0.8432916777430799 -2.0398304532749023 0.035118724056211796 1.0167190880845316 -1.1222483176873173 
0.38900720309672 -0.10605195704298694 -0.8510849155022728 1.3845438240365655 1.8610222442159754 -1.5965330860120477 -2.591466044709116 1.4557848394020363 1.7070959458231707 -1.9682614184745055 0.7992827397152439 -0.4611048180947426 -1.1494398192871604 -0.5747248366628949 0.3899991916990957 -1.4252118771033266 1.8850272386136753 2.1149653268717707 -0.38002876625582976 -0.9410889705623221 
0.7750685080402736 2.6197466891561607 2.5484684050930064 0.11354118968688882 -1.2992151084016104 2.0355698534256157 -0.17925869903367636 0.24828801466958836 2.7674064661047817 2.609880647105961 2.9717693901740714 -2.551477135748814 -1.7579864966759338 1.985773033882709 1.358911578068214 -1.159690518321526 0.08355893094376814 -1.632155000671941 -0.2625363229145421 1.1962130901921586 
0.2325821970890809 -1.6255367258980944 0.35529713594368956 -0.797327889155827 1.405596397500692 2.485375033309617 -0.5599016891471987 -3.422595325907313 -2.1468362558448217 1.186174115857902 -0.5026597133410821 -1.9685919265163698 -0.6968481794303332 1.4995107212292318 -1.885963446929445 0.0984979174101694 -0.7728155016492676 -1.232961830796735 -0.5823411001705681 0.30448306771288414 
-1.393670902674808 -1.0106455461735804 -1.0295770924645873 -1.4413026561241418 -0.7599492533931308 -1.4937276725280797 -1.311074717181918 -1.156677699792857 -0.13715610858784147 -1.157437559584577 -2.2475005706597795 -1.43808435533108 -1.1463805155653108 -1.6835899710926525 -0.7131992537922847 -3.2964281850287818 -2.1634759369248937 0.027775612026134724 -2.0717336126286834 -1.7333941465427432 
-2.4727295232289714 -0.06252343249655795 -3.136834900052051 1.231655357149707 0.6833203863640059 -1.9725613044906145 -0.9170674103116252 0.7777864679399458 -0.5678266335023955 -0.723038486854489 1.6116216260435552 -0.2722631284857649 0.7572341440530347 -0.9649855718069161 0.7581575290262648 -1.563102801296018 -2.010689113583059 0.5979923777449586 -3.6701952260929183 -0.2813453411403288 
0.9281239585798721 -1.1567982171723006 0.9013171065674173 0.1556970878395875 -0.8448013603782378 0.25528089860213554 0.4739333266348996 0.21186465765110601 0.3322401662995096 1.1573408943795214 -0.6823651344007244 0.3038703151140993 0.13676082543333265 -0.035559785360845766 2.4191392531116547 1.559403138942691 2.518565584536819 1.078804014371827 0.02439461603604474 -0.4885788471470928 
-1.1370880578995 -1.3250430253882268 -2.006834716597703 0.4066971059724609 -2.7309536236977454 1.42565547756457 -0.35079430945680723 0.9764002653623288 -0.340702506574565 -2.804796852608064 0.07621316298257488 2.625123321056753 2.2271101062785714 -4.44115659396347 -1.7566449212245598 1.1948252652396327 -0.06252524681381377 1.7920495836767802 -1.3730162477379588 -1.2462661302248481 
-0.5529277649018114 -2.462376371064112 -0.889769862285762 0.004799276165405046 1.6390407209860842 0.6163218086263913 0.6736390705213657 -0.9612571552435308 -2.0791187775850926 -1.3719310231604323 -1.7676454155991503 0.9488566385581806 -0.07576572549482413 -1.0550123511722314 -0.41862925796273853 -0.5958639363320741 2.063816814354346 0.802200392193133 0.6527914781363517 -0.0037046934603842353 
-0.6594467578993963 -0.6798947474018778 -0.3827119129699379 -0.6692063598090479 -0.5443917188492057 -0.35527751833590876 -0.11207250314141767 -0.8217189675339469 -0.7933033347978905 -0.35965040248180585 -0.4120833062006031 -0.47906661904211545 -0.21473859073496424 -0.5673881106141199 0.1638598001812734 -1.1053560028097555 -0.998037525412677 -1.9273262763073817 0.23938337880963192 -0.019891770838688216 
-1.6017126601431575 1.936803701153177 -0.526720873012744 2.7180130635290025 0.948856251984642 -0.6904254795335565 0.10357597419916684 1.3165391319139228 1.101626629050444 -1.24149194258757 -0.28543089304313046 1.3156107132660473 0.381943282703529 -0.2414404033710362 2.2060427084329737 -2.234075542235003 3.0712983635276876 0.3608285201625588 -0.6242585209166335 -0.9227274703385515 
0.12099239892233611 0.05563695931627798 2.077804620243518 -1.0996455944716523 -2.1146305683257944 0.5622269089215564 0.8627472377566122 0.08493513161297096 1.146315469045035 0.7440067101239266 -0.6950098694599501 -0.5825319505456327 1.708534414900046 1.8416800780339537 -0.7326815846454715 1.7932046837415732 -0.02168369068283715 1.490288181263683 -0.4426473312029471 0.14681205442167658 
-0.5114385370052965 0.998529819077055 0.7859398811054821 1.3712476694614375 1.7059610015858415 -0.2488742914491572 -0.6194795182195327 1.1338851086880273 1.3894067178897067 0.5740375792340056 -0.15055708745877852 0.17584424412299213 0.2726117048700907 1.1003136250954184 0.2774073107134166 -1.7041739012252155 -1.0698124874846178 -1.175362346763725 0.8235020983670084 -0.4197000738825704 
-2.2508492576891377 -0.4389563333161296 -1.0427213943562426 2.1716652293854795 1.493103504920883 -1.9368490756261934 0.43940374043105235 2.030773817526876 -0.37264267552006747 -0.418796266166781 -0.27109227840558453 1.3888649128765358 2.582852436477379 -2.6276480685867734 1.5157826346354828 1.2862862304842306 0.9434021764208779 0.1450059840860696 -1.923667591313524 -0.6071030394383208 
1.8474968095050632 0.43281180005440634 1.8331845120446963 1.6870037999891305 1.6325059750228812 2.1814743882867633 1.029460257043876 -0.440362023708139 0.66074946100657 1.272333810050425 0.05620280995995947 1.1208526581351512 0.09677519765724411 1.677908047173638 0.851535372263511 -0.21823876199999706 1.243820698433063 0.6955286476395767 1.7735575497756066 1.0459315122213946 
0.8821679011440251 -0.45165221782676 0.6888358551834065 -1.3751674880791875 0.8960890861595174 0.3392291768325847 1.3289789309507072 -0.9600976167574037 -0.33275935942953677 -0.7589089968881032 -1.1385390740122567 1.027783890902751 1.0904431919898785 -1.6492353061839369 -1.5394650683528963 -0.4487048828814468 0.805774716175086 1.311654498703169 -0.41902717845307885 0.2575658776305354 
0.5114161622629865 -1.7833834224705294 0.9370932531261923 0.2691308032632791 -3.866986128077472 1.413331935455354 0.5599806281074093 1.0979637326320426 0.9303755374063393 1.4630657840188028 -0.7383858621662357 -0.7359752928065681 0.35010945015921885 -1.6907289386916209 -2.9334889867204783 2.501211549784481 2.4290354343640375 2.233318274085598 -1.1198378018198376 0.08976550907198004 
-1.4754422097402273 -0.33439228270396415 -2.3457727652110565 -1.1544220409757207 -0.6724659516752659 -1.487601091892704 -0.5732565661442934 -0.14722883865718456 0.029450080393791135 -1.5352551502319542 -0.6634771759001215 0.3690428104149052 -0.45383984043717196 -1.825619151949118 -1.0393999021877662 -1.3007694367899956 -0.9906169595085602 -0.013761534321821952 -0.8631380167418486 -1.3419692122905726 
-0.6540759398633487 1.5276498994722316 -0.005099045305238932 -0.03545752190080609 -0.03468700949360187 0.4950474067978796 -0.6484320596189456 -0.6366045500594769 1.004738215647223 0.40174658932369106 0.596651011792556 -0.85044307243823 0.3618935697300983 -0.10766993830920846 0.36461552007397613 0.6803762390325959 0.6689771359664299 -0.9588303255543419 0.9120288986016669 0.147947795960727 
-0.9331588539315828 0.07280413042761077 -2.9358130336301653 1.1886785904071027 0.5492058258618404 1.1966653250475474 -0.48268948447484744 0.3042121676909538 0.4996459255824352 -1.9686919110724503 -0.3546282833246191 -0.1268355382051291 -0.28701913829923453 -1.226538633139409 0.5231976051569399 -2.3252258289867287 1.037806266795315 0.5051486802793462 -0.6307582732722262 -0.6480969534225255 
0.9287325639720116 0.8392198527409516 1.6996822102214284 -1.3717343018976023 -2.0598469136244097 0.730298614864174 -0.7953152478103316 -0.008050281776675147 0.7199495601448291 1.8213023808596485 0.001138326060872315 -2.2802719652140038 -1.7735189232992576 1.3075659531690593 -0.7603204324064813 -0.5104473542469485 -1.5307106246476243 -0.06836893597755336 1.7513034244587422 0.4825940787123411 
1.4240832037048512 -3.16899854820592 -0.49509711131616163 -1.1203156994438404 0.6704716951375872 -1.0622434360643926 -1.4630668511441083 0.12200790140100831 -1.1822725802528504 -1.1178037247425847 -0.3934210043385916 0.1548983329679382 -0.39777079714625413 1.2978480696164796 0.9252373457081997 -1.0126023899741134 -0.20518875399586156 0.5219104221920268 -0.39576652375602583 0.7404301826778709 
-1.1949035455356056 -0.7553805646209228 -0.11589686227580476 -0.2061626563334211 2.081448009524988 -2.0860463619145677 -1.6995978922088302 1.4202467011002895 -0.7354684304914966 -0.508684462349066 -0.9268777112291218 -1.732992212992597 -1.5095608681048922 -0.7155776887492463 -1.5013960580017154 0.2360258637752722 -1.0278015047001583 0.9154369866568437 -0.8686692211331534 -0.945136099412045 
1.5223000608770032 -1.8595670006014902 -1.1235492357697967 -4.192240958925891 -2.8743208390995223 -0.975096984975491 0.6024880810579856 -4.021373734483911 -4.176048528620299 1.1602294875047616 -2.4422501430793684 -1.0039573975900122 -1.1470572258283507 0.3346981361325686 -1.0147147934729865 -0.6054251856008083 -3.584251282524352 -3.7880132588689843 0.679642704553758 1.0113361883380314 
-0.3540582095209673 -1.1400148929912555 -1.5890231780186042 -0.8170831416981231 0.493223954974104 -0.3156502405124626 0.7271717289244611 -2.0498167180098257 -1.1072170385944213 0.6757477829277542 0.057810910251199076 -2.276562102009287 -0.6179006143915127 0.24045209032103468 0.8549305862837769 1.2355378182267733 0.9325659305190906 -0.5388441697987882 -0.3277183862629643 1.2449300153316682 
1.4256457123413582 -0.41358936784493 1.2302005075464901 -0.5668693950489787 -0.20129639386157436 0.8010452417414433 0.8595042554202211 -1.2641964438330109 -0.4902150047417423 -0.40891988046589584 0.10781214371646616 2.3683877902833297 0.13900740476654003 1.7105152172225484 0.3336258695340972 -0.30716363072729663 1.68320773834564 1.0014409232632437 1.884033132701288 -0.17489571891020103 
-1.9392148575619788 1.1271587333431738 -1.4569530543563334 0.5676074676883107 -2.029900307451184 -0.07315559637913539 -0.4927024800830938 -1.1109376819628876 -0.9356813127598527 -1.9921546886052703 0.8766819143977974 0.6962605707330044 -1.2743256748605754 -1.4090445688441724 0.891802823281083 -0.9562166743313708 -1.5648210705585657 -2.4924832028870707 -1.5219529143462494 -1.118022481746071 
-1.6851985033102994 0.7889079285709361 -2.9940290727962626 1.1661547013254152 0.34459155910884237 -2.0509909597120597 -1.428259000131295 0.4342091602887987 -0.787217932326241 -2.5026366507009468 0.6370736103524188 2.0931291470870312 -1.5820412070586176 -0.4443260819606095 -1.9957050624911201 -1.9764062355205043 -3.881932074171429 -0.6165133839279932 -1.6239168740272867 -1.9666170117386728 
2.1231860064251955 -1.200656425441387 2.1755207764427635 -3.4584202282195244 -2.1259175514008204 0.26817288675584094 -0.48937520592194445 -1.54120148829332 0.3223723763239783 1.1591475107566607 -0.8785712363807917 -2.512302259137014 0.3301274732674337 -0.24152512804589057 -1.4012261520015057 1.795381225001525 0.5941548291954807 0.7446693418786644 0.2990438732137252 -0.5482110263451819 
-2.7472399439768544 0.03517698511883162 -0.41268370973301105 -0.5664866816696493 -0.661506171246255 -1.9440778579735007 -2.073709853877908 -1.8097874449898461 -2.056549890829536 -1.0909565433804211 -0.22946580126938096 -2.748014016567304 -1.693969584138311 -0.6348009500892537 -0.471934597985001 -3.112855237930323 -1.9112027998742376 -3.375916132712311 -0.8902505519108059 -0.9460164689893511 
-2.343648435170859 1.023651246619757 -1.6704537659362533 2.475154387433197 1.3606809306578003 -1.2731086170197703 -2.6612820249242355 1.9935743353041744 0.362798352400605 -2.9559974553523762 1.0214230642161348 -1.071640134765641 -2.8040050486191084 -0.8705269507578218 0.9582255792762345 -2.942709409388464 0.7556668746946075 -1.2407273146902795 -1.056511005394726 -2.0175684427357137 
-0.09713672969978615 -2.711395384454625 -0.6291822892349987 -2.5109104996453664 -1.665053430353575 -1.343956898486831 -1.648726456633508 -1.806755832019654 -1.9610827870859462 0.8335057611995821 -2.1156912236430436 -2.3619329039432184 -2.4502005315972024 -0.5986415310229043 -2.4764866787994664 -0.032962713003229616 -1.7295643707158241 -1.7030543110394574 0.08140037969265901 0.4972755823035491 
-1.4351777821535212 -2.8272793802139495 -2.1761183041523466 -1.1625737072906497 -0.7559722236160967 0.26724323773615627 -0.11093034196961037 -1.2318929201242501 -2.4048201985858264 -0.6504794794115377 -2.2667206644770244 1.2509709105554412 0.876476205208597 -1.694709213576018 -0.1626526191959229 -1.3709363097830103 -0.8358035090793877 -0.5805680639714522 0.40731406156565114 -1.01771194959695 
0.26666040526345347 0.011487884320247315 0.6207575942627239 0.9935126985545271 1.1752130818893325 1.4365979862347067 -0.16573020902502883 0.9538204313016755 1.3321493648714962 0.16794082965232157 1.220208771402457 -0.8387501271259414 -0.13304530742299464 -0.31332743973091887 -1.2964349149716194 0.16512901740894398 0.5788033903965111 0.8623812504764394 -0.12142604932373771 0.4708894072801448 
0.13234665968850035 -1.705898707698608 -1.287645113288494 -1.5851715006898748 -1.2430714562503808 0.09354330115503058 -1.5311221794605971 -1.442898287174474 -2.495788197524381 -1.4506191358051088 -1.4370409040925423 -1.5572980635876603 -1.3004932649153336 -1.4134739748047387 0.021674045400336423 -1.1996573690355925 -1.6620952204263526 0.36935705237700367 -0.8880888375971119 -0.5175290063923528 
2.012817368488107 -1.2582691994756399 0.38947212365035366 -0.9684065382201108 -1.5315558008571661 -0.3928817543180697 -0.6906048784889536 0.20286656650684468 -2.559283038854298 0.02802412401012443 -1.1227452507232958 1.1084068302630548 -0.6050366807749032 0.8969193389719631 -1.135566980171499 0.9063819591117502 -1.3839741200397475 0.942239411209227 0.6046823483922933 -0.48096030275931817 
-4.542696552458632 -0.6042731572749753 -3.5592172330920255 0.5791124540825356 -0.9346398374986806 -4.565067694223556 -1.8114988856154506 -0.7525711019258104 -1.2880341385467318 -3.791462366854159 -2.2654930043391106 -0.8067640196021315 -0.18986650903548538 -3.556092569205145 -0.4704526291763992 -3.1515923460627873 -0.36382043144656945 -2.735916003261613 -3.1939260365581887 -2.029458118106594 
1.160266192694301 1.021661050791895 0.6650475794417873 1.5441734771575495 1.048414876383279 0.8918926684903511 1.0199642336904586 0.28632481851507546 0.49998192785209394 0.7899406175691553 0.7589638563568659 1.0872200311316633 0.15310778561998406 2.329900292461624 1.7249012288706849 0.28621159238839256 1.3625030883397566 1.1467418096145616 0.7084879509545429 0.24704215273103897 
0.14847679692250598 0.3146607779326968 -0.6341267632569987 -0.8365099850450671 -3.193690512646263 -1.6707039038650295 -1.3781880114542722 0.03926672213963691 0.6914215640600336 -0.5461242821065054 -1.1987650668379441 -0.8946039842393576 -1.0530051966242602 0.08165821076214443 0.5690428139961501 -2.237799867079032 -1.0681448305664605 0.18178838498689837 -0.248007822660816 -0.5894466847361518 
-1.4091743284960194 0.12218332642257818 0.6767742850336228 0.1622789882192764 1.4820999132939994 2.2918443066449754 1.109558310778333 1.3453536364178116 2.94202203864415 -0.2720829884231998 1.084861937232623 -0.01786183785325481 -0.19812189092231416 0.01807957821738799 -0.497030409666508 -0.2895655172924135 2.3849933231795335 1.9545054517838651 -0.2754082755050254 -0.6343782031156698 
1.4453987286172967 -0.9088072339443142 3.1740727692642636 -1.9533815422290353 -0.17353474117976736 1.8630299668455685 0.12672784733349937 -4.969325357007616 -3.436208333829234 2.5680050248872988 1.4291918803896015 -4.93727792130568 0.01851133462695627 1.179413602382415 -2.08248065132819 0.2723546835227418 -0.5033191093527591 -3.5183672694267547 -0.18507828733447665 2.116298885859781 
2.159950294402299 1.0781760809244911 1.3982978134479156 1.7579665545480072 1.2878428057564042 2.072242603558 1.2509758238920239 -0.36413865552625624 1.4914313491479905 1.4432516427677649 0.09949581171735933 0.4635157267326528 0.7642540887877892 1.0623394899355871 0.7211819901624376 0.4012124993331219 2.0006377003498845 1.25410546607115 1.4275335662116613 1.24407382902901 
-1.1992711293605007 -1.878304389240208 -2.7797952589728014 -2.822280113068991 -0.6904248877653464 -3.3518589046397658 1.2168302866735548 -1.673791415530882 -0.05453522454740354 -2.185255532191288 -2.300387609777586 2.8072654006127267 1.3876378425030018 -1.5700684192862622 -1.9338028389262016 0.6851780072082576 -2.6255111345076365 0.9815169776086058 -1.8725990572371412 -2.2917437601950055 
-0.5716331547892388 3.2006106186736454 -0.1860756981466892 3.1026242585387633 2.748575414718756 -0.421538348533438 -0.768077429425236 1.7362221135657256 -0.04941328645609973 0.6305423651692048 1.765753137967761 0.37497284349511556 -0.7796028073399254 1.0069469971170186 3.1442917783682156 -2.789691652745174 -0.43954119012038173 -0.3644949938627759 0.017508182042616678 -0.7340477196140949 
-1.7691647165264814 -0.1658130547996647 -2.234761054830587 0.6460222149748895 -0.7301309138229407 -1.1761469263690105 -1.9496830508304388 1.462656240226654 2.0535155855484266 -3.0083264824902516 -1.0736575788893097 -0.4143793936080217 -1.0585629904283274 -1.3310203361563209 -1.4296816282017966 -0.7030424979100379 -0.7508841980772517 -0.2549399376691539 -2.1337451554471265 -1.258927907802316 
1.3256840449433087 -0.7002460121897318 0.2585130769063819 -1.0372482752448815 -0.25504762233742073 -2.477111968441459 -2.0052215593382363 -0.012455376145970865 -0.8994775303512267 -2.2464975487227887 0.5532957477374698 -0.4267041693647722 -1.3550363840579804 1.3196682119907976 -0.4992805259330704 -0.19799540207464214 -0.8832727989904798 1.5725258344271245 0.1778449972972633 -0.7599896274047708 
0.07476564453706412 -1.2452137873451876 0.6531702922955915 -2.17872086886617 -3.1461627657080693 -0.3006624365453455 1.210454624604272 -1.729465337155275 -1.925210902132339 -0.5578097284553255 -2.9536051105204626 -0.9532313691146534 -0.7341884546233812 -0.4488245256598373 -2.807431490926847 1.9698777276322275 -0.004895739152087364 -3.4837535423938535 -0.02648694965428365 -0.08916118321944844 
-3.1599208387335085 -0.588064166220387 -1.3022585729393767 -1.114271871988482 -0.9427246057214117 -1.6927148272223755 1.2606723872605774 -0.8485042033123544 -1.351283618071578 -0.25183362533483533 0.056470972395759864 0.36468466612785844 0.6898116950266671 -1.9183878487518637 2.095851112600292 -0.791371254816557 -2.3272005650706142 -4.153340678649621 -1.3984385139372617 -0.4417462903166942 
-1.4461207551633417 -0.7001385196077116 -0.9950375071913599 -1.9915621174410492 1.2750803589967865 -1.099260501231849 -1.5099424952603762 1.4409854043079877 0.3216559233269057 1.8967205238930955 1.800930740275837 -1.311488097268557 -1.3522481775984816 -1.1697554220417745 -1.9185208953838286 0.04941541740492179 -2.1360232852600762 0.5738022295161075 -1.3692821171931933 0.16294917597640152 
-1.006407630597766 1.7065737629707691 0.3191458759083921 3.516021519619027 -0.037142301743197915 2.430099302115698 0.055893443530569915 2.0054211829181794 2.3160073283214424 -0.8092421021367899 0.5859279845470418 0.364932297875187 0.17886504020922672 -0.9587307706588862 0.527584640834745 -0.5894530696064897 2.931565518118959 0.17525845894656847 0.9814580452659862 -0.34718855327992865 
2.7863615997300064 2.508336526976879 2.007842416876796 0.17491647076524644 0.4602849899447772 2.084801424161276 0.7524964560035282 0.0219371895365714 1.5720091328161574 1.6566024888933963 1.8711029544498845 0.35189362729212614 0.32531490262127827 2.422819338016473 2.1954239292936353 1.4608973309556001 2.350182981688036 1.2238543678265301 2.4168739465809717 1.0794656363649695 
1.287979104933479 -0.041586268976193705 0.9010667676749364 -0.09116432206163642 0.30473613907794245 1.9063530072786539 -2.238833659595633 -1.6014308673096873 -0.5391934502866423 0.1230825072679943 -2.3730394567857065 -2.119551162225605 -1.4760833186002167 1.7686110990427015 -3.0705244413661497 -0.09069589622539323 1.5018809859623476 0.7855700415511869 -4.4947162483149095 -0.8266560383960498 
0.47170765807640497 2.252989171293484 1.313673904267064 1.639704235952159 1.3733353609070145 0.46969497024241225 -0.785386098434465 2.3632811851394453 2.460358176367222 -0.0915110719706787 0.9647339640355616 -0.46777458390627913 -0.7177496820410346 0.2711433031203212 0.7954230755904217 0.13422349553283025 0.9864285085999019 0.5664246579361942 0.12680488182272381 -0.26481876771672996 
-3.2173251328650325 0.11841908169254056 -2.1291397403523806 -0.1274704517640953 -1.4391725350622881 -0.9061366982548718 -0.8492570330728348 2.8551596336537797 1.4152061620748049 -1.1023641885603213 -0.3705683600170557 1.734011528190428 1.0683644787473798 -3.441405606647371 -0.16704506918998183 -1.509360325559025 0.18931649792632016 -0.2855811794886126 0.556379759837206 -2.5856634511329584 
-1.3920818004837061 -1.2127412828969473 -2.260607150372444 0.3445247666142022 0.16009846505586803 -2.6525653829625275 0.09621552786998441 -0.3391762972050093 -3.063699220160824 -1.8130823498792012 -0.48460802301443184 2.3484339688775795 -0.3843705532150126 -0.3237807011774531 -0.5882120255085447 -0.15256121719336901 -1.5109146773891013 -2.9291509496687156 0.2288690791548645 -1.0796621188635014 
-0.07605288869620913 3.1664141266853183 2.1394780266374975 -0.5514036455535098 0.8044099725987794 -1.7783999698671435 -1.1773472835075194 1.8961771419995757 1.5618094990627136 0.3816395529206949 3.087229106633478 0.19252415919673208 -0.9397520774907265 0.16269634193111415 -0.19356721060294388 -2.142066111952445 -0.14686998035816254 -1.2473894083277215 1.5503028352134733 -0.9987114035158227 
2.4647974725447295 -1.5831143520502013 1.615850568353962 -1.136222378890672 -0.32015321310889583 2.6633536736639827 1.8701138760524267 -3.2872410350430443 -3.349772419914277 0.5239413436262151 -0.7432672538241465 0.20259933291429438 0.4372298702185174 -1.961444262657804 0.04236513768015454 1.059651653516777 0.9263582620415917 1.5605184117463742 2.037151287853722 1.530758772179399 
-0.9905189522911235 -0.5063880183388564 -1.379704375850907 0.012894550464914932 -0.009953615654659268 -1.339959705588332 -0.6253020159214451 0.6117876253096661 0.42126790856687335 -0.7022512776183321 1.3381320487419268 -2.452579921209148 -1.1702841558686945 0.6727580441444515 1.058366106541191 -1.116670205851188 0.4138223239287913 -0.7897404082058366 -0.591175339874941 -0.5217694398277 
1.7023221942659141 -4.0197387837053435 -0.27291037312349914 -3.147856003190347 -2.5775000104260246 1.086828823777959 0.8607452485010165 -3.689243122199434 -3.6953320714326643 1.3725163562803249 -3.202438707443898 -2.3955438852885482 1.239312229905284 -1.3846706868130987 -2.9239391724382697 0.7896188266618446 -2.429959567360874 -1.6877139777644343 -1.2701364876259105 1.300841837233324 
-0.7001345178354652 1.8988215163722888 -0.43433741074075377 1.5216981337177267 1.2739511227748834 -1.1704381118691287 0.690325597807709 0.4990372951718769 0.5006871479595547 -1.0290450197614232 1.5330126554714991 1.3944374817770364 0.22629499839721373 0.3169121956212471 2.975810964027589 -2.254722911732393 2.254879849825918 -0.013834298649566099 -0.5185305742038865 -0.4150761115633547 
0.09171440190165189 -0.7391763858834068 0.1579234016018666 0.12867442454192693 -0.6911478748401746 1.1278130764503418 -3.1946034310096425 -1.4018538264417773 -2.0384261332454288 0.38331943703942833 -0.3818363254199012 -3.7317597898006443 -2.584931847594108 -0.9375050995230602 -2.6765275806300646 -2.1138336670873947 -2.3094905019564704 -3.0804144569479206 -2.357355217983923 1.5144494989911874 
-0.6316365310390389 0.829578203413925 -0.7236387409293502 -1.017131113544094 0.7226341102016184 -1.477026118342695 -1.0722438267144412 0.6197511231949023 -0.6624158823448528 -0.6007397328165253 1.0651008595195175 0.28973471640968534 -0.6518010317655254 -0.2023542074177824 -0.7117481880904529 -1.5937384348817067 -3.8706899864756967 0.7630164476191399 0.23114930721642205 -0.2840949834812454 
-1.645446640911046 -2.7989883809209055 -1.0510036206586797 -1.0699266941716181 -0.721805873265795 -0.6284857027742647 0.3537187983496647 1.7158321012443754 1.8363387055050129 -0.9597345644566743 -1.9970727386102385 0.616781847319156 1.1794408983848976 -0.3209662034944044 -1.2762234480772965 1.0651924031946838 0.2508651483357263 1.8875381223935856 -0.7576301012708336 -0.6058810766479896 
-1.542508263679259 -0.18947003906123683 0.44896741517393224 -0.80917471612667 -0.7146198178562838 -2.1229384856221545 -2.8149905369346753 -0.5378191405043031 -1.4452717679989402 -1.340460758579098 0.027142011187568087 -0.803018624891846 -1.038208829849786 -0.05739774268953439 -0.9706860257612406 -2.801310932179304 -1.9203729393099491 -0.9074727964877178 -0.7266654456045565 -1.370899004518772 
-1.434459937096272 -2.832958227316496 -2.1804142131715567 1.1716311405328903 -2.2762552793253374 -0.04937330874400931 0.7239453890457566 0.8230306127670781 -1.2320219190934825 -0.14216579863629686 -2.8889404172394593 1.298678135031229 -0.20096316803443423 -0.3062225879020592 0.3922554028399414 1.243163356908512 1.4138521915320141 1.9692783864606844 0.07784308547982903 -0.7520506084569998 
0.025342968492783047 1.868706463146913 0.45762006772482594 -1.3805778785447267 0.7182937901519978 0.7693124528432111 -1.0494009791628542 -2.2190042641599477 0.21974183351972565 -0.0716060998262346 0.24382331738599533 -2.479816891297185 -1.2529931260016962 0.42822592864043846 -1.3250416591353638 -0.4673465197634565 -0.06600942558996828 -0.33097495768146046 0.27760033688930436 -0.8601878787678052 
-1.6933859460713345 -2.0531373873192846 -0.09900806923954086 -0.9880053789576257 3.0569994076976013 -1.0866049620900917 1.3077816320562126 -2.6459750855087782 -1.2408545516751794 0.9635816239739078 -1.5221407998556127 0.6690430237945293 -0.1932047177448691 2.298294038278317 2.423980357390919 1.1368428106495214 0.13540116995617862 -0.9893918918704536 0.9281209175536504 1.4699414660103018 
4.115039402397219 -0.5201933853247366 0.162047495214139 -2.027549112836473 -1.116569218243661 1.3512776077666941 -0.14210129754730177 -1.3504408303787772 -0.10568683412547193 0.48657118758378043 -0.5826655093205808 -0.8206714739201353 -1.8314545186174347 -0.05062769689250868 -0.6418432727882801 1.0191253561619407 -2.057197484866459 -1.535482274572369 -0.9283677782831886 0.48432228041660197 
1.9974264107090782 1.734750916203555 1.7605448365854892 -0.00911312828102397 -1.2888954438385227 0.48264383079726125 1.9203173657260482 0.23784255307892846 1.8174295588186702 0.9247854766387607 0.16832203994464628 -0.8244615605349865 -0.5569207557084466 1.5870493983899479 0.9929721219791383 0.770231289541158 0.18490351757554818 -0.18445876939488715 0.720215200969517 0.4951553859011214 
-2.8542384005337795 -0.21844948233486058 -1.6661936348772934 0.5639682554840643 -1.2580408088982937 -0.42955518924855424 0.6280896576845698 0.2852167645470737 1.6487527643756257 -2.659815163239586 0.9335583204012764 -0.03268497892069485 0.7033186551200692 -3.0061992182774167 -0.2787832494559122 -0.19359023087026306 0.4354761397210292 1.1030098040481733 -1.6781550759718162 -2.0065998206181144 
-1.7452849484645405 -1.7570377085641582 -2.6466740779786218 -1.856739202732744 -3.0019159558967465 -0.9011316993579923 1.127159037908856 -2.474546170883042 -2.4442293769764873 -0.09122724612127027 -1.3187554487739728 -0.0027465274531774738 1.037542815071888 -0.7223975597257949 -1.0000915063681832 0.9862759739699274 -2.443090504489763 -1.4533197492722993 1.2911157183023791 0.29182384884716367 
-1.6163320108237462 0.1901212836017943 -3.0331406556072578 1.9619870310172467 -2.576642209495663 -0.881917545219903 1.316800530985571 0.20549902627024164 -1.5112022588423537 -3.167414618507253 -2.240210152537498 1.7679943705013803 -0.7980962120528765 -3.0745540182254514 -0.6840604094850995 -0.22018186574809293 1.4340952286976616 -0.12393559107283615 -0.9855159229738534 -3.203575903710959 
0.4093965043149211 -1.1821137007928706 0.6843939976471345 -1.9076656861192798 -1.9255371048591607 0.3043112788413898 1.3445238224848841 -0.9956893387915122 -1.2227909453435415 0.6193992613478227 -1.499001556731103 0.0026800734896488634 1.0860932024404348 0.07949572097480377 -0.3495793597442233 1.13581340410208 -0.5502942859799497 0.1503187782951061 -1.2055936371896367 -0.22484219136502262 
0.22903945776513907 1.8714259263990913 1.0332647144902904 1.5292688387207587 0.2799253602806245 1.8338313972870488 2.538691677941307 1.4351165746649677 0.23085254873600422 1.0680010375977829 0.8763344811764016 0.6754358470346348 2.078109814976026 -1.5250151714873554 0.7393601298342736 1.9809775849672502 1.7854155192558927 -0.9741747876204594 0.39122087713793907 0.77153891755126 
-1.5776395480304088 -3.3889995184976947 -3.63347746550064 1.0579010840182417 0.5192688314677969 0.3754337837057163 -2.0719723413098543 -1.6546972456494418 -0.5340286402646993 -3.1258578193679676 -1.2341060165467217 0.016150653990960218 0.9552948100217091 -1.3614303446411529 -0.3840736325889839 -0.5870969046908154 0.4359279254920057 1.3650113704683582 1.3425464153906437 0.026102339360944825 
-1.2793217993963917 1.4695303353649467 -0.5274813118338015 0.40720441434856075 1.2839538450041572 -1.7400573740364893 -0.46526800898478277 0.4858200014221368 0.08078929281974243 -0.7268565533079376 0.7655777105015084 -0.6077427779450228 0.19534026163191343 0.567386190968758 1.1969466807941989 -0.24589156314551158 0.26137005914400013 0.32006583460159316 0.827912252560553 -0.9814619448609174 
3.286658564006101 -1.555663209036249 1.378298966936437 -2.4610351104183095 -2.0871750521304833 1.0230567997382845 1.0685768257175385 -0.366678366977454 -1.9005499454354349 1.906856438077165 -1.4243491215798028 -0.4739627967836521 0.9213269143989316 0.35915256756991987 -1.657697685041447 3.1227907658679537 -3.7016932639738758 -1.867810519451646 -0.779834739408486 1.1723413373473184 
1.7720056779188356 -0.5199894638991921 0.1675322876139909 0.7597681618456086 0.9085883761451921 -0.9811400421437287 -0.9059473630621969 0.2793202985808451 0.5086721993822494 -1.3546336861396286 -0.7608524282353013 2.36306383975796 0.003663073640806152 0.25385687607759466 -0.11881721982235008 -1.7351627199033115 -0.619313682082215 1.0522067588781556 -0.5705917499085493 -0.8556526703238618 
-0.502972276161102 -0.5911467432056386 0.4929204852435683 0.9617351020643028 -0.5036613339887592 -0.3650384301594793 -0.1621776446602237 0.647126875166404 1.2063443471269972 0.49867415895669404 0.05286184823537125 0.47875292316120643 0.13078528756981359 -0.01420860373483596 -1.2676514659053368 0.988781133469438 3.382598879669252 0.7855827421124055 0.08518923077265293 0.06514444044810586 
-2.5180231165852818 0.22796685438623995 -1.6158468895190308 -2.1906492010387937 -0.1780051910088257 -2.889217763920559 0.2547019479469345 -2.227616704974652 -0.3065822303670255 -1.573881535349321 -0.7003598586679014 -0.010089157270178657 -0.1979700758096801 -1.1571345690462098 -1.5121292468931924 0.07044186294165974 -1.34739380916533 -0.7866571417502395 -0.6399892265921092 -1.6753596436903408 
-1.4123046624056723 -2.8420318394045885 -2.3958021355880583 -1.0743349730689744 0.18757792780881663 -1.7102987487954626 -0.3279621332635347 -2.4829637449816317 -3.9022354915150554 -1.3552425596240376 -2.1133527528225664 -0.5310221915924584 -0.3087707787839305 -0.9994974024846557 -1.5114941260878507 -0.9041879356324788 -1.9590340607946177 -1.5709546598932072 -0.9130181794474346 -0.5423818689810067 
2.894934140054066 -0.9711267120182848 1.520368791272978 -0.20854213849362582 -1.3342878257189488 1.154414463665142 -1.1902593837461346 -0.17100254416970154 -0.7056818172833248 0.2039204204124768 -1.5534725350613563 0.030513489478243887 -2.053711632063893 0.49330244035224363 -1.6194882035601517 0.914968326509845 0.321217567626439 0.3728089482898082 -0.30217787255965234 0.04074144193525206 
0.2590582937619563 -2.1812977975851124 0.6055003293436942 -2.598969149446998 -1.5971083868365235 0.6109537259597436 2.1237192282804345 -2.220085671463785 -0.9559927770847468 1.5512389864348397 -2.00973625247611 -0.4993103805793672 -0.24339261463291495 1.5279526425460914 0.11191376918789998 0.19639088370668326 -0.7011404898130087 -1.0492998251234436 0.7253217945179111 0.9379775706038399 
-0.4701121833587139 -1.518352027119558 -0.9469843183233753 -0.5359628490488715 0.45006237071638305 2.5804366019184672 -0.3937144101743029 0.21294514700514422 -0.8003894445940034 -0.032406806735851085 0.1993926579984694 -0.13765539731844464 -1.350616916325653 0.03956035031124753 -0.611951419933777 -0.3077765184407518 -0.19714832743403757 -0.07145873501809769 -1.4899815640647192 -0.0766843556459582 
-0.6096027105333531 -0.2724929556902351 -0.6989817818410056 -1.7846857798703184 -1.347612059864063 -1.0612952172656913 -2.9390914755532345 -1.6530891505358927 -1.2798139147438155 -1.7270823328067595 -0.7851313589405089 -2.581085306205748 -2.592852938064179 -2.601828329699253 -1.825361676925242 -3.0409023038468943 -2.150091754687516 -3.0029649095812005 -1.8036930822815618 -0.6489118960011756 
-0.9046144870467516 -1.0199263099492728 -2.2122755011262356 -0.939856075573363 -0.3812704551549134 -2.1075688106527157 0.2431618367514478 -1.5439598577415723 -1.0693142831377183 -0.4628760955711577 -0.3706264397269583 0.9926913573722842 0.01211865846666028 0.41088247344508866 0.8372798926650439 -2.257903392749643 -1.7868981027794462 0.712330418082395 -1.2711575871217438 -0.18481097132706611 
0.2555295306399329 1.7279716359110278 1.490995355181442 -0.015014627546980016 -0.5884838772294088 0.2099769425052466 -3.195354036721352 0.6768852530602038 0.447815090147816 1.7251268518018772 2.7246058931159243 -2.1520010736164137 -1.4531864554034748 -0.04795582849877159 0.25910174134074904 -3.345640888487636 -0.8115098233131182 -0.661218507206051 1.1234092756097651 0.23159859119791323 
-2.4786537495260346 0.7297007584513738 -1.9163011694679741 0.29383231531208315 2.478794543598059 -1.070845477301685 -3.0445269216261437 3.4967792747119866 2.1362587205819024 -1.4080616844842284 0.6013175627469645 -3.0861327858844847 -3.180725600091671 0.9166460281451085 0.8433525917101451 -0.8783494777187459 -1.3440212273348904 -0.8093016994995309 -1.9115992649714506 -1.3702849028233832 
-1.0901179395056748 2.6042747705984794 1.3861904875270123 -0.5025639221712834 -0.6460070854343659 -1.0281342055046039 -2.462917379686279 -1.019373986560469 0.933938959849569 0.3086408064590082 2.76015424395779 -3.807348325267393 -1.742168427842409 -0.8682458642666434 -1.4651994304423688 -2.015277197597211 -0.49834652549324454 -0.23152297934546662 1.0049113430587449 0.1953529061181078 
0.8576859830714747 1.6118722629664124 2.7978826669659447 -0.8973927950262375 -0.06028594353188315 -0.15167389562542274 2.803140650902971 0.4998459068426651 0.8200291085534585 0.9841389997865995 0.8875609053425935 1.4251019643123968 1.3749587008018067 2.602325919838213 1.389344474841343 1.703815220088213 0.3175171270958628 0.45535577796778853 1.6424510633538774 0.2822010426064959 
-0.9173572541940042 -0.8867172432574464 -0.045782022269721195 -1.2888056126153102 0.1373317883445592 1.3399330245268357 1.4590486371787468 -1.248049038247011 -0.28830909686345063 0.39613824692853455 -0.2635067513010973 -1.471851437084014 0.3444110984786905 -0.665328319244203 0.5555477214422336 -0.6785319713882506 -0.3686224397810272 -1.0182930338513712 -0.11754031178084907 1.1729622133854987 
/-2.2865979345035887 -2.2490991125875754 -2.178756053952276 -2.35197871374208 -2.2667509855722128 -2.2395859361352546 -2.2297290624037065 -2.353324961342555 -2.262983132958118 -2.2009436206185584 -2.3445847409605656 -2.4004914015869683 
-2.348486265011625 -2.363922284285996 -2.287357797413905 -2.293487287172384 -2.32136468141798 -2.3476164228057703 -2.4450791965462098 -2.2593321659725065 -2.3157435827508763 -2.282046352180791 -2.4191628958249964 -2.3208270048806092 
-2.1726073443594687 -2.052860852930067 -2.1738700072858657 -2.1688920272493464 -2.155316831106367 -2.0838181787081482 -2.128205884576988 -2.147331082096465 -2.1405802312739084 -2.1071449344618953 -2.145750906205114 -2.2205906017277073 
-2.221433199170961 -2.1655829590933546 -2.1307524099037733 -2.221760173526695 -2.2303775044615426 -2.1072760897990244 -2.1913661663563895 -2.3234028637397652 -2.1726120593026503 -2.055286228111798 -2.2307921412633127 -2.2198638037601492 
-2.1473393462841464 -2.1410866399085338 -2.20191241461988 -2.2305399959508905 -2.1324662450688057 -2.0866660518640954 -2.191117484297688 -2.1892492641852 -2.212677658602053 -2.107837744283189 -2.1908228585941982 -2.2476278213602296 
-2.068565253608908 -1.9068911357779454 -1.7251370560536008 -1.9586973406218995 -1.9176958525092749 -1.8382671862066644 -1.8155003050150227 -2.03662685824105 -2.008113730852395 -1.8631008343886963 -2.0197098164908516 -1.9828579679709726 
-2.0105704973583163 -1.990275850507339 -2.061989409679108 -1.8851625742989264 -2.0399145622696153 -1.8868926521170828 -2.002872217714264 -2.0477426431307535 -1.937163077494598 -1.8350480317484883 -2.0278999667911597 -2.0327472776177813 
-2.0502371740159284 -2.1203978358857483 -2.012703663835751 -2.119398833310939 -2.1821677615988433 -2.073232958974173 -2.0810639332692755 -2.2256283596861333 -2.021603769237562 -2.014656163024465 -2.1792617081595345 -2.1252124124754554 
-2.3741397960382726 -2.39134663189287 -2.3110731637893305 -2.3891788201197306 -2.3657817787645876 -2.3233773004151974 -2.3233423601640846 -2.3707605421832376 -2.308563942625298 -2.2815310368391226 -2.37692893045909 -2.393591622627729 
-2.040713454919904 -1.9618044908218533 -1.9358201332933935 -2.0142124140025532 -2.0249011679948383 -2.0630785938396574 -1.9598503468202344 -2.042115797594221 -1.9669186046621823 -1.9491114516181536 -2.076189872011959 -1.988387852207655 
-2.157101963287016 -2.1296717219624313 -2.177797612651532 -2.1829243452478515 -2.252860619855623 -2.1651080480907834 -2.152639283249896 -2.180092327193025 -2.1271961867041376 -2.1439640799403104 -2.2423363967869134 -2.1935334646273925 
-2.184529856931268 -2.0505648989568304 -2.127245137505336 -2.1232636807196617 -2.156306666497359 -2.1656688757472162 -2.1511358558201685 -2.1457563394407972 -2.169096526576721 -2.115039124694613 -2.170926706659049 -2.185081647817656 
-1.5807271756091408 -1.5618884269735012 -1.6939558171921087 -1.5584258720248383 -1.4948389404519737 -1.5541969381234442 -1.6246569536284108 -1.6407587033684696 -1.4293831711865888 -1.5745688343431263 -1.628295571470856 -1.5862566896862977 
-1.7734101309281367 -1.8044601060874181 -1.724826521495625 -1.8463297781043555 -1.7944801672775448 -1.7467523964044664 -1.7445127527862787 -1.82878605004334 -1.8179382363884353 -1.8306615345525803 -1.798746583433873 -1.8658018901544344 
-2.2411115746929307 -2.276487806362975 -2.2429971996547016 -2.283163381948975 -2.2766575366955992 -2.2374551227388544 -2.280853509335648 -2.2967153065065027 -2.251332330757153 -2.192701058554748 -2.2719373137252545 -2.269941575517634 
-2.5963626574192116 -2.5398136382934537 -2.4180195202173076 -2.5449332976014714 -2.652124117582586 -2.5233583911081627 -2.5193461857716626 -2.561867998588617 -2.5503365029719043 -2.456652311133897 -2.651114350942371 -2.521607821683256 
-1.9801720106008753 -1.947173022338225 -1.9058267081169957 -2.0139240443995408 -2.0384879987616693 -1.8464088326262706 -1.892969971555645 -1.8811425289917256 -1.8609157958821336 -1.9027343001794248 -2.0438672256094943 -1.9668029583674111 
-1.7578276729197415 -1.738659446535478 -1.7129456677757784 -1.6859570140685232 -1.8111827559189437 -1.8048624149627228 -1.6793968680226576 -1.7355058317814929 -1.7836435675955213 -1.71566509319396 -1.8657257235130673 -1.7071180547947915 
-1.2864683482643176 -1.237121558954477 -1.1612275714949591 -1.2395286323131922 -1.2708420083086835 -1.1546320686103106 -1.3922638760389197 -1.2723685140726007 -1.3202828139288338 -1.1679888918781656 -1.2552502588697387 -1.3062404310136768 
-1.235545644067975 -1.1771685704843435 -1.1615278877847741 -1.2089301500534093 -1.1639520439113302 -1.2228891174625498 -1.1910598864905448 -1.2746074539873042 -1.1430412448792078 -1.2556999337415455 -1.217347205231608 -1.215330634250401 
/-1.36303874664112 -1.207693117962033 -1.2287108098924646 -1.2726214485945593 -1.2507483504569314 -1.4212582648289789 -1.3330523759169381 -1.2847689960469675 -1.3619649391959179 -1.3766230656290597 
-1.2363834718404443 -1.2917763228649584 -1.2467335781640474 -1.2979006184937478 -1.2215784978879594 -1.361793297922615 -1.2918795895308988 -1.2763786193120374 -1.3109338336203382 -1.281198117420077 
-1.2579004242682117 -1.2987254781535738 -1.355221888326696 -1.3326126647750571 -1.2265607260296183 -1.3580712734938702 -1.2223547197340727 -1.282886466064745 -1.290110760410677 -1.2131880008707263 
-1.1776179999247034 -1.2704036226718978 -1.2320154980758369 -1.3533539768285499 -1.2303056880592067 -1.3548208109975226 -1.3380894401381922 -1.2464024847070578 -1.3334664584304188 -1.3504624215511083 
-1.305325055259585 -1.3493770405546923 -1.3142090538121127 -1.3087487532081412 -1.205870518266711 -1.3079646830216176 -1.3514508012795998 -1.2767448365745762 -1.333438803684102 -1.220019025379292 
-1.3734291488312145 -1.2880572110585553 -1.3327376577202419 -1.2499609888670073 -1.2663182714486083 -1.309088936250506 -1.2864852705329546 -1.210113030237523 -1.3152910629813683 -1.2734631937727137 
-1.2591605899313059 -1.3090833670916697 -1.3595748379623773 -1.308473498655523 -1.1957311820461018 -1.3180466316198873 -1.2451768847448583 -1.2677270930108497 -1.3398222447168535 -1.30299213058792 
-1.3115063328755312 -1.2291285116903319 -1.323585825543496 -1.288515269728965 -1.2968124949134514 -1.387706934510884 -1.300535371863196 -1.3187881171818097 -1.4050453185505098 -1.3495929179748773 
-1.2809315627922757 -1.2496373219341557 -1.3152140819866052 -1.2193619612750553 -1.2006977442437783 -1.3939458044557258 -1.299429407244034 -1.2352612749367335 -1.3922413872381687 -1.2604815307981414 
-1.2484169160128038 -1.2263485759935553 -1.296005504804673 -1.230338307158042 -1.2107235220073889 -1.3152167688980663 -1.2629766480790954 -1.2052497123058838 -1.3039583460783264 -1.2076930808148223 
-1.3153913558436896 -1.2973583204823576 -1.3246146723164882 -1.3301905398513674 -1.3498888274638285 -1.3497265934355631 -1.3773955771084305 -1.2351631180339624 -1.3724522438225948 -1.3405221938178664 
-1.3472122803836577 -1.2634772297369938 -1.297133397428858 -1.3884626072262274 -1.3055197375971515 -1.3974046978271562 -1.2526630350730372 -1.3900624334643668 -1.2977173570980125 -1.3165391194656733 
/