1.0	1.0
1.0	1.0
1.0	1.0
1.0	1.0
1.0	1.0
1.0	1.0
1.0	1.0
1.0	1.0
1.0	1.0
1.0	1.0
1.0	1.0
1.0	1.0
1.0	1.0
1.0	1.0
1.0	1.0
1.0	1.0
1.0	1.0
1.0	1.0
1.0	1.0
1.0	1.0
1.0	1.0
1.0	1.0
0.9905437352245863	0.9643160577740016
0.9810874704491725	0.9209855564995751
0.9550827423167849	0.7510620220900595
0.9361702127659575	0.5998300764655905
0.9219858156028369	0.48343245539507224
0.9101654846335697	0.43075615972812237
0.8983451536643026	0.39507221750212407
0.8912529550827423	0.34579439252336447
0.8747044917257684	0.30756159728122345
0.8652482269503546	0.27612574341546303
0.851063829787234	0.2582837723024639
0.8463356973995272	0.24468988954970264
0.8439716312056738	0.23534409515717927
0.8368794326241135	0.2268479184367035
0.8368794326241135	0.21665250637213254
0.83451536643026	0.20985556499575192
0.8321513002364066	0.20305862361937127
0.8297872340425532	0.19456244689889549
0.8203309692671394	0.1860662701784197
0.817966903073286	0.1826677994902294
0.817966903073286	0.18011894647408666
0.8156028368794326	0.17587085811384875
0.8132387706855791	0.17162276975361088
0.806146572104019	0.16822429906542055
0.8014184397163121	0.1631265930331351
0.7990543735224587	0.1588785046728972
0.7990543735224587	0.1580288870008496
0.7990543735224587	0.1580288870008496
0.7990543735224587	0.15717926932880205
0.7990543735224587	0.1546304163126593
0.7990543735224587	0.15208156329651656
0.7990543735224587	0.15123194562446898
0.7990543735224587	0.15123194562446898
0.7990543735224587	0.1503823279524214
0.7990543735224587	0.14868309260832624
0.7990543735224587	0.1469838572642311
0.7943262411347518	0.14358538657604078
0.7943262411347518	0.1427357689039932
0.7943262411347518	0.14018691588785046
0.7943262411347518	0.13848768054375532
0.7943262411347518	0.13593882752761258
0.789598108747045	0.13593882752761258
0.7848699763593381	0.135089209855565
0.7848699763593381	0.13423959218351741
0.7848699763593381	0.13338997451146983
0.7848699763593381	0.12999150382327954
0.7848699763593381	0.12829226847918437
0.7848699763593381	0.12829226847918437
0.7825059101654847	0.1265930331350892
0.7777777777777778	0.12574341546304163
0.7754137115839244	0.12489379779099405
0.7730496453900709	0.12404418011894647
0.7730496453900709	0.1231945624468989
0.7659574468085106	0.12149532710280374
0.7635933806146572	0.12064570943075616
0.7635933806146572	0.11979609175870858
0.7612293144208038	0.11809685641461343
0.7588652482269503	0.11809685641461343
0.7588652482269503	0.11809685641461343
0.7588652482269503	0.11809685641461343
0.7588652482269503	0.11809685641461343
0.7588652482269503	0.11639762107051826
0.7565011820330969	0.11639762107051826
0.7565011820330969	0.11554800339847068
0.7565011820330969	0.11554800339847068
0.7565011820330969	0.11384876805437553
0.7541371158392435	0.11384876805437553
0.75177304964539	0.11214953271028037
0.75177304964539	0.11214953271028037
0.7494089834515366	0.11129991503823279
0.7494089834515366	0.11045029736618521
0.7494089834515366	0.11045029736618521
0.7470449172576832	0.10960067969413764
0.7470449172576832	0.10960067969413764
0.7470449172576832	0.10960067969413764
0.7470449172576832	0.10960067969413764
0.7470449172576832	0.10875106202209006
0.7470449172576832	0.10875106202209006
0.7470449172576832	0.10875106202209006
0.7470449172576832	0.10790144435004248
0.7470449172576832	0.10790144435004248
0.7470449172576832	0.10790144435004248
0.7470449172576832	0.10790144435004248
0.7470449172576832	0.10790144435004248
0.7446808510638298	0.10790144435004248
0.7423167848699763	0.10790144435004248
0.7423167848699763	0.10790144435004248
0.7423167848699763	0.10790144435004248
0.7399527186761229	0.1070518266779949
0.7399527186761229	0.1070518266779949
0.7399527186761229	0.10620220900594732
0.7399527186761229	0.10620220900594732
0.7399527186761229	0.10620220900594732
0.7399527186761229	0.10535259133389975
0.7399527186761229	0.10535259133389975
0.7375886524822695	0.10535259133389975
0.7375886524822695	0.10535259133389975
0.7375886524822695	0.10535259133389975
0.7375886524822695	0.10535259133389975
0.735224586288416	0.10450297366185217
0.735224586288416	0.10450297366185217
0.735224586288416	0.10450297366185217
0.735224586288416	0.10365335598980459
0.735224586288416	0.102803738317757
0.735224586288416	0.102803738317757
0.735224586288416	0.102803738317757
0.735224586288416	0.102803738317757
0.735224586288416	0.10195412064570943
0.735224586288416	0.10110450297366186
0.735224586288416	0.10025488530161428
0.735224586288416	0.10025488530161428
0.735224586288416	0.10025488530161428
0.7328605200945626	0.0994052676295667
0.7328605200945626	0.0994052676295667
0.7328605200945626	0.0994052676295667
0.7328605200945626	0.0994052676295667
0.7328605200945626	0.09855564995751911
0.7328605200945626	0.09855564995751911
0.7328605200945626	0.09855564995751911
0.7328605200945626	0.09855564995751911
0.7328605200945626	0.09855564995751911
0.7328605200945626	0.09855564995751911
0.7328605200945626	0.09855564995751911
0.7328605200945626	0.09855564995751911
0.7328605200945626	0.09855564995751911
0.7328605200945626	0.09855564995751911
0.7328605200945626	0.09855564995751911
0.7304964539007093	0.09855564995751911
0.7304964539007093	0.09855564995751911
0.7281323877068558	0.09855564995751911
0.7281323877068558	0.09855564995751911
0.7281323877068558	0.09855564995751911
0.7281323877068558	0.09770603228547153
0.7281323877068558	0.0951571792693288
0.7281323877068558	0.0951571792693288
0.7281323877068558	0.0951571792693288
0.7281323877068558	0.0951571792693288
0.7281323877068558	0.0951571792693288
0.7281323877068558	0.09430756159728122
0.7281323877068558	0.09430756159728122
0.7281323877068558	0.09430756159728122
0.7281323877068558	0.09430756159728122
0.7257683215130024	0.09430756159728122
0.7257683215130024	0.09430756159728122
0.723404255319149	0.09260832625318606
0.723404255319149	0.09175870858113849
0.723404255319149	0.09175870858113849
0.723404255319149	0.09090909090909091
0.723404255319149	0.09090909090909091
0.723404255319149	0.09090909090909091
0.723404255319149	0.09090909090909091
0.723404255319149	0.09090909090909091
0.723404255319149	0.09090909090909091
0.723404255319149	0.09090909090909091
0.7210401891252955	0.09090909090909091
0.7186761229314421	0.09090909090909091
0.7186761229314421	0.09090909090909091
0.7186761229314421	0.09090909090909091
0.7186761229314421	0.09090909090909091
0.7186761229314421	0.09090909090909091
0.7186761229314421	0.09090909090909091
0.7186761229314421	0.09090909090909091
0.7186761229314421	0.09090909090909091
0.7186761229314421	0.09090909090909091
0.7186761229314421	0.09090909090909091
0.7163120567375887	0.09090909090909091
0.7163120567375887	0.08920985556499575
0.7163120567375887	0.08920985556499575
0.7163120567375887	0.08920985556499575
0.7163120567375887	0.08920985556499575
0.7163120567375887	0.0875106202209006
0.7163120567375887	0.0875106202209006
0.7163120567375887	0.0875106202209006
0.7163120567375887	0.0875106202209006
0.7163120567375887	0.0875106202209006
0.7163120567375887	0.0875106202209006
0.7163120567375887	0.08666100254885302
0.7163120567375887	0.08666100254885302
0.7163120567375887	0.08666100254885302
0.7139479905437353	0.08496176720475786
0.7139479905437353	0.08496176720475786
0.7139479905437353	0.08496176720475786
0.7139479905437353	0.08496176720475786
0.7139479905437353	0.08496176720475786
0.7139479905437353	0.08496176720475786
0.7139479905437353	0.08496176720475786
0.7139479905437353	0.08496176720475786
0.7139479905437353	0.08411214953271028
0.7139479905437353	0.08326253186066271
0.7139479905437353	0.08326253186066271
0.7139479905437353	0.08326253186066271
0.7139479905437353	0.08326253186066271
0.7139479905437353	0.08326253186066271
0.7139479905437353	0.08326253186066271
0.7139479905437353	0.08326253186066271
0.7139479905437353	0.08326253186066271
0.7139479905437353	0.08326253186066271
0.7139479905437353	0.08326253186066271
0.7115839243498818	0.08326253186066271
0.7115839243498818	0.08326253186066271
0.7115839243498818	0.08326253186066271
0.7115839243498818	0.08326253186066271
0.7115839243498818	0.08326253186066271
0.7115839243498818	0.08326253186066271
0.7115839243498818	0.08241291418861513
0.7115839243498818	0.08241291418861513
0.7115839243498818	0.08241291418861513
0.7115839243498818	0.08241291418861513
0.706855791962175	0.08156329651656755
0.706855791962175	0.08071367884451996
0.706855791962175	0.08071367884451996
0.706855791962175	0.08071367884451996
0.706855791962175	0.08071367884451996
0.706855791962175	0.08071367884451996
0.706855791962175	0.08071367884451996
0.706855791962175	0.08071367884451996
0.706855791962175	0.08071367884451996
0.706855791962175	0.08071367884451996
0.706855791962175	0.08071367884451996
0.706855791962175	0.08071367884451996
0.706855791962175	0.08071367884451996
0.706855791962175	0.08071367884451996
0.706855791962175	0.08071367884451996
0.7044917257683215	0.08071367884451996
0.7044917257683215	0.08071367884451996
0.7044917257683215	0.08071367884451996
0.7044917257683215	0.08071367884451996
0.7021276595744681	0.08071367884451996
0.7021276595744681	0.08071367884451996
0.7021276595744681	0.08071367884451996
0.7021276595744681	0.08071367884451996
0.7021276595744681	0.08071367884451996
0.7021276595744681	0.08071367884451996
0.7021276595744681	0.08071367884451996
0.7021276595744681	0.08071367884451996
0.7021276595744681	0.08071367884451996
0.7021276595744681	0.08071367884451996
0.6997635933806147	0.07986406117247238
0.6973995271867612	0.07986406117247238
0.6973995271867612	0.07986406117247238
0.6973995271867612	0.07986406117247238
0.6973995271867612	0.07986406117247238
0.6950354609929078	0.07986406117247238
0.6950354609929078	0.07986406117247238
0.6950354609929078	0.07986406117247238
0.6950354609929078	0.07986406117247238
0.6950354609929078	0.07986406117247238
0.6950354609929078	0.07986406117247238
0.6950354609929078	0.07986406117247238
0.6926713947990544	0.07986406117247238
0.6903073286052009	0.07986406117247238
0.6903073286052009	0.07986406117247238
0.6903073286052009	0.07986406117247238
0.6903073286052009	0.07986406117247238
0.6903073286052009	0.07986406117247238
0.6903073286052009	0.07986406117247238
0.6903073286052009	0.0790144435004248
0.6903073286052009	0.0790144435004248
0.6903073286052009	0.07816482582837724
0.6903073286052009	0.07816482582837724
0.6903073286052009	0.07816482582837724
0.6903073286052009	0.07816482582837724
0.6903073286052009	0.07816482582837724
0.6903073286052009	0.07731520815632965
0.6903073286052009	0.07731520815632965
0.6903073286052009	0.07646559048428207
0.6903073286052009	0.07646559048428207
0.6903073286052009	0.07646559048428207
0.6879432624113475	0.07646559048428207
0.6879432624113475	0.07646559048428207
0.6879432624113475	0.07646559048428207
0.6879432624113475	0.07561597281223449
0.6879432624113475	0.07561597281223449
0.6879432624113475	0.07561597281223449
0.6879432624113475	0.07561597281223449
0.6879432624113475	0.07476635514018691
0.6879432624113475	0.07476635514018691
0.6879432624113475	0.07476635514018691
0.6879432624113475	0.07391673746813934
0.6855791962174941	0.07391673746813934
0.6855791962174941	0.07391673746813934
0.6855791962174941	0.07391673746813934
0.6855791962174941	0.07391673746813934
0.6832151300236406	0.07391673746813934
0.6832151300236406	0.07391673746813934
0.6832151300236406	0.07391673746813934
0.6832151300236406	0.07391673746813934
0.6832151300236406	0.07391673746813934
0.6832151300236406	0.07391673746813934
0.6832151300236406	0.07306711979609176
0.6832151300236406	0.07221750212404418
0.6832151300236406	0.07221750212404418
0.6832151300236406	0.07221750212404418
0.6832151300236406	0.07221750212404418
0.6832151300236406	0.07221750212404418
0.6832151300236406	0.07221750212404418
0.6832151300236406	0.07221750212404418
0.6832151300236406	0.0713678844519966
0.6832151300236406	0.0713678844519966
0.6832151300236406	0.0713678844519966
0.6832151300236406	0.0713678844519966
0.6832151300236406	0.0713678844519966
0.6832151300236406	0.0713678844519966
0.6832151300236406	0.0713678844519966
0.6808510638297872	0.0713678844519966
0.6784869976359338	0.0713678844519966
0.6784869976359338	0.0713678844519966
0.6784869976359338	0.0713678844519966
0.6784869976359338	0.0713678844519966
0.6761229314420804	0.0713678844519966
0.6761229314420804	0.0713678844519966
0.6761229314420804	0.0713678844519966
0.6761229314420804	0.0713678844519966
0.6761229314420804	0.0713678844519966
0.6761229314420804	0.0713678844519966
0.6761229314420804	0.0713678844519966
0.6761229314420804	0.0713678844519966
0.6761229314420804	0.0713678844519966
0.6761229314420804	0.0713678844519966
0.6761229314420804	0.0713678844519966
0.6761229314420804	0.0713678844519966
0.6761229314420804	0.0713678844519966
0.6761229314420804	0.0713678844519966
0.6761229314420804	0.0713678844519966
0.6737588652482269	0.0713678844519966
0.6737588652482269	0.07051826677994902
0.6737588652482269	0.07051826677994902
0.6737588652482269	0.07051826677994902
0.6737588652482269	0.07051826677994902
0.6737588652482269	0.07051826677994902
0.6737588652482269	0.07051826677994902
0.6737588652482269	0.07051826677994902
0.6737588652482269	0.07051826677994902
0.6713947990543735	0.06966864910790145
0.6690307328605201	0.06966864910790145
0.6690307328605201	0.06966864910790145
0.6690307328605201	0.06966864910790145
0.6690307328605201	0.06966864910790145
0.6690307328605201	0.06966864910790145
0.6690307328605201	0.06966864910790145
0.6690307328605201	0.06966864910790145
0.6690307328605201	0.06966864910790145
0.6690307328605201	0.06966864910790145
0.6666666666666666	0.06966864910790145
0.6666666666666666	0.06966864910790145
0.6666666666666666	0.06966864910790145
0.6666666666666666	0.06966864910790145
0.6666666666666666	0.06966864910790145
0.6666666666666666	0.06966864910790145
0.6666666666666666	0.06966864910790145
0.6643026004728132	0.06966864910790145
0.6643026004728132	0.06966864910790145
0.6643026004728132	0.06966864910790145
0.6643026004728132	0.06966864910790145
0.6643026004728132	0.06966864910790145
0.6643026004728132	0.06966864910790145
0.6643026004728132	0.06966864910790145
0.6643026004728132	0.06966864910790145
0.6643026004728132	0.06966864910790145
0.6643026004728132	0.06966864910790145
0.6643026004728132	0.06966864910790145
0.6643026004728132	0.06966864910790145
0.6643026004728132	0.06966864910790145
0.6643026004728132	0.06966864910790145
0.6643026004728132	0.06966864910790145
0.6643026004728132	0.06966864910790145
0.6643026004728132	0.06966864910790145
0.6643026004728132	0.06966864910790145
0.6643026004728132	0.06966864910790145
0.6643026004728132	0.06966864910790145
0.6643026004728132	0.06966864910790145
0.6643026004728132	0.06966864910790145
0.6643026004728132	0.06966864910790145
0.6643026004728132	0.06966864910790145
0.6643026004728132	0.06966864910790145
0.6643026004728132	0.06966864910790145
0.6643026004728132	0.06966864910790145
0.6619385342789598	0.06966864910790145
0.6619385342789598	0.06966864910790145
0.6619385342789598	0.06966864910790145
0.6595744680851063	0.06966864910790145
0.6595744680851063	0.06966864910790145
0.6595744680851063	0.06966864910790145
0.6595744680851063	0.06881903143585387
0.6595744680851063	0.06881903143585387
0.6595744680851063	0.06881903143585387
0.6595744680851063	0.06881903143585387
0.6595744680851063	0.06881903143585387
0.6595744680851063	0.06881903143585387
0.6572104018912529	0.06881903143585387
0.6572104018912529	0.06881903143585387
0.6572104018912529	0.06881903143585387
0.6548463356973995	0.06881903143585387
0.6548463356973995	0.06881903143585387
0.6548463356973995	0.06881903143585387
0.6548463356973995	0.06881903143585387
0.6548463356973995	0.06881903143585387
0.6548463356973995	0.06881903143585387
0.6548463356973995	0.06881903143585387
0.6524822695035462	0.06881903143585387
0.6524822695035462	0.06881903143585387
0.6524822695035462	0.06881903143585387
0.6524822695035462	0.06881903143585387
0.6524822695035462	0.06881903143585387
0.6524822695035462	0.06881903143585387
0.6501182033096927	0.06881903143585387
0.6501182033096927	0.06796941376380629
0.6501182033096927	0.06796941376380629
0.6501182033096927	0.06796941376380629
0.6501182033096927	0.06796941376380629
0.6501182033096927	0.06796941376380629
0.6501182033096927	0.06796941376380629
0.6501182033096927	0.06796941376380629
0.6501182033096927	0.06796941376380629
0.6501182033096927	0.06796941376380629
0.6501182033096927	0.06796941376380629
0.6501182033096927	0.06796941376380629
0.6501182033096927	0.06796941376380629
0.6501182033096927	0.06796941376380629
0.6501182033096927	0.06796941376380629
0.6453900709219859	0.06796941376380629
0.6453900709219859	0.06796941376380629
0.6453900709219859	0.06796941376380629
0.6453900709219859	0.06796941376380629
0.6453900709219859	0.06796941376380629
0.6453900709219859	0.06796941376380629
0.6453900709219859	0.06796941376380629
0.6453900709219859	0.06796941376380629
0.6453900709219859	0.06711979609175871
0.6453900709219859	0.06711979609175871
0.6453900709219859	0.06711979609175871
0.6453900709219859	0.06711979609175871
0.6453900709219859	0.06711979609175871
0.6453900709219859	0.06711979609175871
0.6453900709219859	0.06711979609175871
0.6453900709219859	0.06711979609175871
0.6430260047281324	0.06711979609175871
0.6430260047281324	0.06711979609175871
0.6430260047281324	0.06711979609175871
0.6430260047281324	0.06711979609175871
0.6430260047281324	0.06711979609175871
0.6430260047281324	0.06711979609175871
0.6430260047281324	0.06711979609175871
0.6430260047281324	0.06711979609175871
0.6430260047281324	0.06711979609175871
0.6430260047281324	0.06711979609175871
0.6430260047281324	0.06711979609175871
0.6430260047281324	0.06711979609175871
0.6430260047281324	0.06711979609175871
0.6430260047281324	0.06711979609175871
0.6430260047281324	0.06711979609175871
0.6430260047281324	0.06711979609175871
0.6430260047281324	0.06711979609175871
0.6430260047281324	0.06711979609175871
0.6430260047281324	0.06711979609175871
0.6430260047281324	0.06711979609175871
0.6430260047281324	0.06711979609175871
0.6430260047281324	0.06711979609175871
0.6430260047281324	0.06627017841971113
0.6430260047281324	0.06627017841971113
0.6430260047281324	0.06627017841971113
0.6430260047281324	0.06627017841971113
0.6430260047281324	0.06627017841971113
0.6430260047281324	0.06627017841971113
0.6430260047281324	0.06627017841971113
0.6430260047281324	0.06627017841971113
0.6430260047281324	0.06627017841971113
0.640661938534279	0.06627017841971113
0.640661938534279	0.06627017841971113
0.640661938534279	0.06627017841971113
0.640661938534279	0.06627017841971113
0.640661938534279	0.06627017841971113
0.640661938534279	0.06627017841971113
0.640661938534279	0.06627017841971113
0.6382978723404256	0.06627017841971113
0.6382978723404256	0.06627017841971113
0.6382978723404256	0.06627017841971113
0.6382978723404256	0.06627017841971113
0.6382978723404256	0.06627017841971113
0.6382978723404256	0.06627017841971113
0.6382978723404256	0.06542056074766354
0.6382978723404256	0.06542056074766354
0.6382978723404256	0.06542056074766354
0.6382978723404256	0.06542056074766354
0.6382978723404256	0.06542056074766354
0.6382978723404256	0.06542056074766354
0.6382978723404256	0.06542056074766354
0.6382978723404256	0.06542056074766354
0.6382978723404256	0.06542056074766354
0.6382978723404256	0.06542056074766354
0.6382978723404256	0.06542056074766354
0.6359338061465721	0.06542056074766354
0.6359338061465721	0.06542056074766354
0.6359338061465721	0.06542056074766354
0.6335697399527187	0.06542056074766354
0.6335697399527187	0.06542056074766354
0.6335697399527187	0.06457094307561598
0.6335697399527187	0.06457094307561598
0.6335697399527187	0.06457094307561598
0.6335697399527187	0.06457094307561598
0.6335697399527187	0.06457094307561598
0.6335697399527187	0.06457094307561598
0.6335697399527187	0.06457094307561598
0.6335697399527187	0.06457094307561598
0.6335697399527187	0.06457094307561598
0.6312056737588653	0.06457094307561598
0.6312056737588653	0.06457094307561598
0.6312056737588653	0.06457094307561598
0.6312056737588653	0.06457094307561598
0.6312056737588653	0.06457094307561598
0.6312056737588653	0.06457094307561598
0.6312056737588653	0.06457094307561598
0.6288416075650118	0.06457094307561598
0.6288416075650118	0.06457094307561598
0.6288416075650118	0.06457094307561598
0.6288416075650118	0.06457094307561598
0.6288416075650118	0.06457094307561598
0.6288416075650118	0.06457094307561598
0.6288416075650118	0.06457094307561598
0.6288416075650118	0.06457094307561598
0.6288416075650118	0.06457094307561598
0.6288416075650118	0.06457094307561598
0.6288416075650118	0.06457094307561598
0.6288416075650118	0.06457094307561598
0.6288416075650118	0.06457094307561598
0.6288416075650118	0.06457094307561598
0.6288416075650118	0.06457094307561598
0.6288416075650118	0.0637213254035684
0.6288416075650118	0.0637213254035684
0.6288416075650118	0.0637213254035684
0.6288416075650118	0.0637213254035684
0.6288416075650118	0.0637213254035684
0.6288416075650118	0.06287170773152082
0.6288416075650118	0.06287170773152082
0.6288416075650118	0.06287170773152082
0.6288416075650118	0.062022090059473234
0.6288416075650118	0.062022090059473234
0.6288416075650118	0.062022090059473234
0.6288416075650118	0.06117247238742566
0.6288416075650118	0.06117247238742566
0.6288416075650118	0.06117247238742566
0.6288416075650118	0.06117247238742566
0.6288416075650118	0.06117247238742566
0.6288416075650118	0.06117247238742566
0.6288416075650118	0.06117247238742566
0.6288416075650118	0.06117247238742566
0.6288416075650118	0.06117247238742566
0.6288416075650118	0.06117247238742566
0.6288416075650118	0.06117247238742566
0.6288416075650118	0.06117247238742566
0.6288416075650118	0.06117247238742566
0.6288416075650118	0.06117247238742566
0.6288416075650118	0.06117247238742566
0.6288416075650118	0.06117247238742566
0.6288416075650118	0.06032285471537808
0.6288416075650118	0.06032285471537808
0.6288416075650118	0.06032285471537808
0.6288416075650118	0.06032285471537808
0.6264775413711584	0.06032285471537808
0.6264775413711584	0.06032285471537808
0.6264775413711584	0.06032285471537808
0.6264775413711584	0.06032285471537808
0.6264775413711584	0.059473237043330504
0.6264775413711584	0.059473237043330504
0.6264775413711584	0.059473237043330504
0.6264775413711584	0.059473237043330504
0.6264775413711584	0.059473237043330504
0.6264775413711584	0.059473237043330504
0.6264775413711584	0.05862361937128292
0.6264775413711584	0.05862361937128292
0.6264775413711584	0.05862361937128292
0.6264775413711584	0.05862361937128292
0.6264775413711584	0.05862361937128292
0.6264775413711584	0.05862361937128292
0.6264775413711584	0.05862361937128292
0.6264775413711584	0.05862361937128292
0.6264775413711584	0.05862361937128292
0.6264775413711584	0.05862361937128292
0.6264775413711584	0.05777400169923534
0.6264775413711584	0.05777400169923534
0.6264775413711584	0.05777400169923534
0.6264775413711584	0.05692438402718777
0.6264775413711584	0.05692438402718777
0.6264775413711584	0.05692438402718777
0.6264775413711584	0.05692438402718777
0.6264775413711584	0.05692438402718777
0.6264775413711584	0.05692438402718777
0.6264775413711584	0.05692438402718777
0.6264775413711584	0.05692438402718777
0.6264775413711584	0.05692438402718777
0.6264775413711584	0.05692438402718777
0.6264775413711584	0.05692438402718777
0.6264775413711584	0.05692438402718777
0.6264775413711584	0.05692438402718777
0.6264775413711584	0.05692438402718777
0.6264775413711584	0.056074766355140186
0.6264775413711584	0.056074766355140186
0.6264775413711584	0.056074766355140186
0.6264775413711584	0.056074766355140186
0.6264775413711584	0.056074766355140186
0.6264775413711584	0.056074766355140186
0.6264775413711584	0.056074766355140186
0.6264775413711584	0.056074766355140186
0.6264775413711584	0.056074766355140186
0.6264775413711584	0.056074766355140186
0.6264775413711584	0.056074766355140186
0.6264775413711584	0.056074766355140186
0.6264775413711584	0.056074766355140186
0.6264775413711584	0.056074766355140186
0.6264775413711584	0.055225148683092605
0.6264775413711584	0.055225148683092605
0.6264775413711584	0.055225148683092605
0.6264775413711584	0.055225148683092605
0.6264775413711584	0.05437553101104503
0.6264775413711584	0.05437553101104503
0.6264775413711584	0.05437553101104503
0.6264775413711584	0.05437553101104503
0.6264775413711584	0.05437553101104503
0.6264775413711584	0.05437553101104503
0.624113475177305	0.05437553101104503
0.624113475177305	0.05437553101104503
0.624113475177305	0.05437553101104503
0.624113475177305	0.05437553101104503
0.624113475177305	0.05437553101104503
0.624113475177305	0.05437553101104503
0.624113475177305	0.05437553101104503
0.624113475177305	0.05437553101104503
0.624113475177305	0.05437553101104503
0.624113475177305	0.05437553101104503
0.624113475177305	0.05437553101104503
0.624113475177305	0.05437553101104503
0.624113475177305	0.05437553101104503
0.624113475177305	0.05437553101104503
0.624113475177305	0.05437553101104503
0.624113475177305	0.05437553101104503
0.6217494089834515	0.05437553101104503
0.6217494089834515	0.05437553101104503
0.6217494089834515	0.05437553101104503
0.6217494089834515	0.05437553101104503
0.6217494089834515	0.05437553101104503
0.6217494089834515	0.05437553101104503
0.6217494089834515	0.05352591333899745
0.6193853427895981	0.05352591333899745
0.6193853427895981	0.05352591333899745
0.6193853427895981	0.052676295666949875
0.6193853427895981	0.052676295666949875
0.6193853427895981	0.052676295666949875
0.6193853427895981	0.052676295666949875
0.6193853427895981	0.052676295666949875
0.6193853427895981	0.052676295666949875
0.6193853427895981	0.052676295666949875
0.6193853427895981	0.052676295666949875
0.6193853427895981	0.052676295666949875
0.6193853427895981	0.052676295666949875
0.6170212765957447	0.052676295666949875
0.6170212765957447	0.052676295666949875
0.6146572104018913	0.052676295666949875
0.6146572104018913	0.052676295666949875
0.6146572104018913	0.052676295666949875
0.6146572104018913	0.052676295666949875
0.6146572104018913	0.052676295666949875
0.6146572104018913	0.052676295666949875
0.6146572104018913	0.051826677994902294
0.6099290780141844	0.051826677994902294
0.6099290780141844	0.051826677994902294
0.6099290780141844	0.051826677994902294
0.6099290780141844	0.051826677994902294
0.6099290780141844	0.051826677994902294
0.6099290780141844	0.051826677994902294
0.6099290780141844	0.051826677994902294
0.6099290780141844	0.051826677994902294
0.607565011820331	0.051826677994902294
0.607565011820331	0.051826677994902294
0.607565011820331	0.051826677994902294
0.607565011820331	0.051826677994902294
0.607565011820331	0.051826677994902294
0.607565011820331	0.051826677994902294
0.607565011820331	0.051826677994902294
0.607565011820331	0.051826677994902294
0.607565011820331	0.051826677994902294
0.607565011820331	0.051826677994902294
0.607565011820331	0.051826677994902294
0.607565011820331	0.051826677994902294
0.607565011820331	0.05097706032285471
0.607565011820331	0.05097706032285471
0.607565011820331	0.05097706032285471
0.607565011820331	0.05097706032285471
0.607565011820331	0.05097706032285471
0.607565011820331	0.05097706032285471
0.607565011820331	0.05097706032285471
0.607565011820331	0.05097706032285471
0.607565011820331	0.05097706032285471
0.607565011820331	0.05097706032285471
0.607565011820331	0.05097706032285471
0.607565011820331	0.05097706032285471
0.607565011820331	0.05097706032285471
0.607565011820331	0.05097706032285471
0.607565011820331	0.05097706032285471
0.6052009456264775	0.05097706032285471
0.6052009456264775	0.05097706032285471
0.6052009456264775	0.05097706032285471
0.6052009456264775	0.05097706032285471
0.6052009456264775	0.05097706032285471
0.6052009456264775	0.05097706032285471
0.6052009456264775	0.05097706032285471
0.6052009456264775	0.05097706032285471
0.6028368794326241	0.05012744265080714
0.6028368794326241	0.05012744265080714
0.6028368794326241	0.05012744265080714
0.6028368794326241	0.05012744265080714
0.6028368794326241	0.04927782497875956
0.6028368794326241	0.04927782497875956
0.6028368794326241	0.04927782497875956
0.6028368794326241	0.04927782497875956
0.6028368794326241	0.04927782497875956
0.6028368794326241	0.04927782497875956
0.6004728132387707	0.04927782497875956
0.6004728132387707	0.04927782497875956
0.6004728132387707	0.04927782497875956
0.6004728132387707	0.04927782497875956
0.6004728132387707	0.048428207306711976
0.6004728132387707	0.048428207306711976
0.5957446808510638	0.048428207306711976
0.5933806146572104	0.048428207306711976
0.5933806146572104	0.0475785896346644
0.5933806146572104	0.0475785896346644
0.5933806146572104	0.0475785896346644
0.5933806146572104	0.0475785896346644
0.5933806146572104	0.04672897196261682
0.5910165484633569	0.04672897196261682
0.5910165484633569	0.04672897196261682
0.5910165484633569	0.04672897196261682
0.5910165484633569	0.04672897196261682
0.5910165484633569	0.04672897196261682
0.5910165484633569	0.04672897196261682
0.5910165484633569	0.04672897196261682
0.5910165484633569	0.04672897196261682
0.5910165484633569	0.04672897196261682
0.5910165484633569	0.04672897196261682
0.5910165484633569	0.04672897196261682
0.5910165484633569	0.04672897196261682
0.5910165484633569	0.04672897196261682
0.5910165484633569	0.04672897196261682
0.5910165484633569	0.04672897196261682
0.5910165484633569	0.04672897196261682
0.5886524822695035	0.04672897196261682
0.5886524822695035	0.04672897196261682
0.5886524822695035	0.04672897196261682
0.5886524822695035	0.04672897196261682
0.5886524822695035	0.04672897196261682
0.5886524822695035	0.04672897196261682
0.5886524822695035	0.04672897196261682
0.5886524822695035	0.04672897196261682
0.5886524822695035	0.04672897196261682
0.5886524822695035	0.04672897196261682
0.5886524822695035	0.04672897196261682
0.5886524822695035	0.04672897196261682
0.5862884160756501	0.04672897196261682
0.5839243498817966	0.04672897196261682
0.5839243498817966	0.04672897196261682
0.5815602836879432	0.04672897196261682
0.5815602836879432	0.04672897196261682
0.5815602836879432	0.045879354290569246
0.5815602836879432	0.045879354290569246
0.5815602836879432	0.045879354290569246
0.5791962174940898	0.045879354290569246
0.5791962174940898	0.045879354290569246
0.5791962174940898	0.045879354290569246
0.5791962174940898	0.045879354290569246
0.5791962174940898	0.045879354290569246
0.5791962174940898	0.045879354290569246
0.5791962174940898	0.045879354290569246
0.5791962174940898	0.045879354290569246
0.5791962174940898	0.045879354290569246
0.5791962174940898	0.045879354290569246
0.5791962174940898	0.045879354290569246
0.5791962174940898	0.045879354290569246
0.5791962174940898	0.045879354290569246
0.5791962174940898	0.045879354290569246
0.5791962174940898	0.045879354290569246
0.5791962174940898	0.045879354290569246
0.5791962174940898	0.045879354290569246
0.5791962174940898	0.045879354290569246
0.5791962174940898	0.045879354290569246
0.5791962174940898	0.045879354290569246
0.5791962174940898	0.045879354290569246
0.5768321513002365	0.045879354290569246
0.5768321513002365	0.045879354290569246
0.5768321513002365	0.045879354290569246
0.5768321513002365	0.045879354290569246
0.5768321513002365	0.045879354290569246
0.5768321513002365	0.045879354290569246
0.5768321513002365	0.045879354290569246
0.5768321513002365	0.045029736618521665
0.5768321513002365	0.045029736618521665
0.5768321513002365	0.045029736618521665
0.5768321513002365	0.045029736618521665
0.5768321513002365	0.045029736618521665
0.5768321513002365	0.045029736618521665
0.5768321513002365	0.045029736618521665
0.5768321513002365	0.045029736618521665
0.5768321513002365	0.045029736618521665
0.5768321513002365	0.045029736618521665
0.574468085106383	0.045029736618521665
0.5721040189125296	0.045029736618521665
0.5721040189125296	0.045029736618521665
0.5697399527186762	0.045029736618521665
0.5697399527186762	0.045029736618521665
0.5697399527186762	0.044180118946474084
0.5697399527186762	0.044180118946474084
0.5650118203309693	0.044180118946474084
0.5650118203309693	0.044180118946474084
0.5650118203309693	0.044180118946474084
0.5650118203309693	0.044180118946474084
0.5626477541371159	0.044180118946474084
0.5626477541371159	0.04333050127442651
0.5626477541371159	0.04333050127442651
0.5602836879432624	0.04333050127442651
0.5602836879432624	0.04333050127442651
0.5602836879432624	0.04333050127442651
0.5602836879432624	0.04333050127442651
0.5602836879432624	0.04333050127442651
0.5602836879432624	0.04333050127442651
0.557919621749409	0.04333050127442651
0.557919621749409	0.04248088360237893
0.557919621749409	0.04248088360237893
0.557919621749409	0.04248088360237893
0.557919621749409	0.04248088360237893
0.557919621749409	0.04248088360237893
0.557919621749409	0.04248088360237893
0.557919621749409	0.04248088360237893
0.557919621749409	0.04248088360237893
0.557919621749409	0.04248088360237893
0.5555555555555556	0.04248088360237893
0.5555555555555556	0.04248088360237893
0.5531914893617021	0.04248088360237893
0.5531914893617021	0.04248088360237893
0.5531914893617021	0.04248088360237893
0.5531914893617021	0.04248088360237893
0.5508274231678487	0.041631265930331354
0.5508274231678487	0.041631265930331354
0.5508274231678487	0.041631265930331354
0.5508274231678487	0.041631265930331354
0.5484633569739953	0.04078164825828377
0.5484633569739953	0.04078164825828377
0.5460992907801419	0.04078164825828377
0.5460992907801419	0.04078164825828377
0.5460992907801419	0.04078164825828377
0.5460992907801419	0.04078164825828377
0.5460992907801419	0.04078164825828377
0.5460992907801419	0.04078164825828377
0.5460992907801419	0.04078164825828377
0.5460992907801419	0.04078164825828377
0.5460992907801419	0.04078164825828377
0.5437352245862884	0.04078164825828377
0.5437352245862884	0.04078164825828377
0.5437352245862884	0.04078164825828377
0.541371158392435	0.03993203058623619
0.541371158392435	0.03993203058623619
0.541371158392435	0.03993203058623619
0.5390070921985816	0.03993203058623619
0.5390070921985816	0.03993203058623619
0.5390070921985816	0.03993203058623619
0.5366430260047281	0.03993203058623619
0.5366430260047281	0.03993203058623619
0.5366430260047281	0.03993203058623619
0.5366430260047281	0.03993203058623619
0.5366430260047281	0.03908241291418862
0.5342789598108747	0.038232795242141036
0.5319148936170213	0.038232795242141036
0.5319148936170213	0.038232795242141036
0.5319148936170213	0.038232795242141036
0.5319148936170213	0.038232795242141036
0.5271867612293144	0.038232795242141036
0.5271867612293144	0.038232795242141036
0.5271867612293144	0.038232795242141036
0.5271867612293144	0.038232795242141036
0.5271867612293144	0.038232795242141036
0.5271867612293144	0.038232795242141036
0.5271867612293144	0.038232795242141036
0.5271867612293144	0.038232795242141036
0.5271867612293144	0.038232795242141036
0.524822695035461	0.038232795242141036
0.5200945626477541	0.038232795242141036
0.5200945626477541	0.038232795242141036
0.5200945626477541	0.038232795242141036
0.5200945626477541	0.038232795242141036
0.5200945626477541	0.038232795242141036
0.5200945626477541	0.038232795242141036
0.5200945626477541	0.038232795242141036
0.5177304964539007	0.038232795242141036
0.5177304964539007	0.038232795242141036
0.5177304964539007	0.038232795242141036
0.5177304964539007	0.037383177570093455
0.5177304964539007	0.037383177570093455
0.5177304964539007	0.037383177570093455
0.5177304964539007	0.037383177570093455
0.5177304964539007	0.037383177570093455
0.5177304964539007	0.037383177570093455
0.5177304964539007	0.037383177570093455
0.5177304964539007	0.03653355989804588
0.5177304964539007	0.0356839422259983
0.5177304964539007	0.033984706881903144
0.5153664302600472	0.033984706881903144
0.5153664302600472	0.033984706881903144
0.5153664302600472	0.033984706881903144
0.5130023640661938	0.033984706881903144
0.5106382978723404	0.033984706881903144
0.508274231678487	0.033984706881903144
0.508274231678487	0.033984706881903144
0.508274231678487	0.033984706881903144
0.5059101654846335	0.033984706881903144
0.5059101654846335	0.033984706881903144
0.5059101654846335	0.033984706881903144
0.5059101654846335	0.033984706881903144
0.5035460992907801	0.033984706881903144
0.5035460992907801	0.033984706881903144
0.5035460992907801	0.033984706881903144
0.5035460992907801	0.033984706881903144
0.5035460992907801	0.033984706881903144
0.4988179669030733	0.033984706881903144
0.49645390070921985	0.033984706881903144
0.491725768321513	0.03313508920985556
0.48936170212765956	0.03313508920985556
0.48936170212765956	0.03313508920985556
0.48226950354609927	0.03313508920985556
0.4728132387706856	0.03313508920985556
0.47044917257683216	0.03313508920985556
0.46808510638297873	0.03313508920985556
0.458628841607565	0.03313508920985556
0.458628841607565	0.03228547153780799
0.458628841607565	0.03228547153780799
0.45390070921985815	0.03228547153780799
0.4491725768321513	0.03143585386576041
0.4491725768321513	0.029736618521665252
0.4491725768321513	0.02888700084961767
0.4444444444444444	0.028037383177570093
0.4397163120567376	0.028037383177570093
0.43498817966903075	0.028037383177570093
0.42789598108747046	0.028037383177570093
0.42080378250591016	0.027187765505522515
0.41134751773049644	0.027187765505522515
0.408983451536643	0.026338147833474938
0.3971631205673759	0.025488530161427356
0.37825059101654845	0.02463891248937978
0.37115839243498816	0.0237892948173322
0.35933806146572106	0.022939677145284623
0.34515366430260047	0.021240441801189464
0.3380614657210402	0.021240441801189464
0.3309692671394799	0.021240441801189464
0.3144208037825059	0.021240441801189464
0.3073286052009456	0.021240441801189464
0.2860520094562648	0.01954120645709431
0.2765957446808511	0.018691588785046728
0.2624113475177305	0.01784197111299915
0.2553191489361702	0.016992353440951572
0.2458628841607565	0.016992353440951572
0.23404255319148937	0.016142735768903994
0.22695035460992907	0.015293118096856415
0.21040189125295508	0.015293118096856415
0.1867612293144208	0.013593882752761258
0.17966903073286053	0.0118946474086661
0.16548463356973994	0.011045029736618521
0.14893617021276595	0.011045029736618521
0.13002364066193853	0.009345794392523364
0.11347517730496454	0.0076465590484282074
0.09929078014184398	0.005097706032285472
0.0851063829787234	0.005097706032285472
0.06382978723404255	0.005097706032285472
0.04491725768321513	0.002548853016142736
0.02127659574468085	0.002548853016142736
0.014184397163120567	8.496176720475786E-4
0.004728132387706856	0.0
0.0	0.0
0.0	0.0
0.0	0.0
0.0	0.0
0.0	0.0
0.0	0.0
