1.0	1.0
1.0	1.0
1.0	1.0
1.0	1.0
1.0	1.0
1.0	1.0
1.0	1.0
1.0	1.0
1.0	1.0
1.0	1.0
0.9952718676122931	0.9813084112149533
0.9479905437352246	0.7757009345794392
0.9148936170212766	0.49362786745964315
0.8817966903073287	0.3338997451146984
0.8486997635933806	0.25913338997451146
0.8250591016548463	0.22769753610875107
0.8085106382978723	0.20475785896346643
0.806146572104019	0.1937128292268479
0.7990543735224587	0.18351741716227699
0.7872340425531915	0.16907391673746813
0.7825059101654847	0.15972812234494477
0.7801418439716312	0.15378079864061173
0.7730496453900709	0.1503823279524214
0.7706855791962175	0.14613423959218352
0.7635933806146572	0.14188615123194562
0.7588652482269503	0.135089209855565
0.7588652482269503	0.135089209855565
0.7565011820330969	0.1308411214953271
0.7541371158392435	0.1274426508071368
0.75177304964539	0.12489379779099405
0.75177304964539	0.11979609175870858
0.7494089834515366	0.11809685641461343
0.7494089834515366	0.11809685641461343
0.7494089834515366	0.11639762107051826
0.7494089834515366	0.11554800339847068
0.7494089834515366	0.11554800339847068
0.7494089834515366	0.11469838572642312
0.7446808510638298	0.11299915038232795
0.7423167848699763	0.11299915038232795
0.7375886524822695	0.11214953271028037
0.7375886524822695	0.11129991503823279
0.7375886524822695	0.10960067969413764
0.7375886524822695	0.10875106202209006
0.7328605200945626	0.10875106202209006
0.7281323877068558	0.10875106202209006
0.7257683215130024	0.1070518266779949
0.7257683215130024	0.1070518266779949
0.7257683215130024	0.10620220900594732
0.723404255319149	0.10620220900594732
0.7210401891252955	0.10450297366185217
0.7186761229314421	0.10025488530161428
0.7186761229314421	0.10025488530161428
0.7186761229314421	0.10025488530161428
0.7186761229314421	0.10025488530161428
0.7186761229314421	0.0994052676295667
0.7186761229314421	0.0994052676295667
0.7163120567375887	0.09855564995751911
0.7163120567375887	0.09770603228547153
0.7139479905437353	0.09685641461342395
0.7139479905437353	0.09600679694137638
0.7115839243498818	0.0951571792693288
0.7115839243498818	0.09345794392523364
0.7092198581560284	0.09345794392523364
0.7044917257683215	0.09175870858113849
0.7044917257683215	0.09175870858113849
0.7044917257683215	0.09175870858113849
0.7044917257683215	0.09090909090909091
0.7044917257683215	0.09090909090909091
0.7044917257683215	0.09090909090909091
0.7044917257683215	0.08920985556499575
0.7044917257683215	0.08920985556499575
0.7021276595744681	0.08920985556499575
0.6997635933806147	0.08920985556499575
0.6997635933806147	0.08920985556499575
0.6997635933806147	0.08920985556499575
0.6997635933806147	0.08920985556499575
0.6973995271867612	0.08920985556499575
0.6973995271867612	0.08920985556499575
0.6973995271867612	0.08920985556499575
0.6973995271867612	0.08920985556499575
0.6973995271867612	0.08836023789294817
0.6950354609929078	0.08836023789294817
0.6926713947990544	0.08836023789294817
0.6926713947990544	0.08836023789294817
0.6926713947990544	0.0875106202209006
0.6926713947990544	0.08666100254885302
0.6926713947990544	0.08496176720475786
0.6903073286052009	0.08411214953271028
0.6903073286052009	0.08411214953271028
0.6879432624113475	0.08326253186066271
0.6879432624113475	0.08326253186066271
0.6855791962174941	0.08326253186066271
0.6832151300236406	0.08241291418861513
0.6832151300236406	0.08241291418861513
0.6832151300236406	0.08241291418861513
0.6832151300236406	0.08241291418861513
0.6832151300236406	0.08156329651656755
0.6832151300236406	0.08156329651656755
0.6832151300236406	0.08156329651656755
0.6832151300236406	0.08071367884451996
0.6832151300236406	0.08071367884451996
0.6832151300236406	0.07986406117247238
0.6832151300236406	0.07986406117247238
0.6832151300236406	0.0790144435004248
0.6832151300236406	0.07816482582837724
0.6832151300236406	0.07816482582837724
0.6832151300236406	0.07816482582837724
0.6808510638297872	0.07816482582837724
0.6808510638297872	0.07816482582837724
0.6808510638297872	0.07816482582837724
0.6808510638297872	0.07816482582837724
0.6808510638297872	0.07816482582837724
0.6784869976359338	0.07816482582837724
0.6784869976359338	0.07816482582837724
0.6784869976359338	0.07816482582837724
0.6784869976359338	0.07816482582837724
0.6784869976359338	0.07816482582837724
0.6784869976359338	0.07816482582837724
0.6784869976359338	0.07731520815632965
0.6784869976359338	0.07731520815632965
0.6784869976359338	0.07731520815632965
0.6784869976359338	0.07646559048428207
0.6784869976359338	0.07561597281223449
0.6784869976359338	0.07476635514018691
0.6784869976359338	0.07476635514018691
0.6761229314420804	0.07476635514018691
0.6761229314420804	0.07391673746813934
0.6761229314420804	0.07391673746813934
0.6761229314420804	0.07391673746813934
0.6761229314420804	0.07391673746813934
0.6761229314420804	0.07391673746813934
0.6761229314420804	0.07391673746813934
0.6761229314420804	0.07391673746813934
0.6761229314420804	0.07306711979609176
0.6761229314420804	0.07306711979609176
0.6761229314420804	0.07306711979609176
0.6761229314420804	0.07306711979609176
0.6761229314420804	0.07221750212404418
0.6761229314420804	0.07221750212404418
0.6737588652482269	0.0713678844519966
0.6737588652482269	0.07051826677994902
0.6737588652482269	0.07051826677994902
0.6737588652482269	0.07051826677994902
0.6737588652482269	0.07051826677994902
0.6737588652482269	0.07051826677994902
0.6737588652482269	0.07051826677994902
0.6737588652482269	0.07051826677994902
0.6737588652482269	0.07051826677994902
0.6737588652482269	0.07051826677994902
0.6737588652482269	0.07051826677994902
0.6737588652482269	0.07051826677994902
0.6737588652482269	0.07051826677994902
0.6737588652482269	0.07051826677994902
0.6737588652482269	0.07051826677994902
0.6737588652482269	0.07051826677994902
0.6737588652482269	0.07051826677994902
0.6713947990543735	0.07051826677994902
0.6713947990543735	0.07051826677994902
0.6713947990543735	0.07051826677994902
0.6713947990543735	0.07051826677994902
0.6713947990543735	0.07051826677994902
0.6713947990543735	0.07051826677994902
0.6713947990543735	0.06966864910790145
0.6690307328605201	0.06881903143585387
0.6690307328605201	0.06881903143585387
0.6690307328605201	0.06881903143585387
0.6666666666666666	0.06881903143585387
0.6666666666666666	0.06796941376380629
0.6666666666666666	0.06796941376380629
0.6666666666666666	0.06796941376380629
0.6643026004728132	0.06711979609175871
0.6643026004728132	0.06711979609175871
0.6643026004728132	0.06711979609175871
0.6643026004728132	0.06711979609175871
0.6619385342789598	0.06711979609175871
0.6595744680851063	0.06627017841971113
0.6595744680851063	0.06627017841971113
0.6572104018912529	0.06542056074766354
0.6572104018912529	0.06542056074766354
0.6572104018912529	0.06542056074766354
0.6572104018912529	0.06542056074766354
0.6572104018912529	0.06542056074766354
0.6572104018912529	0.06542056074766354
0.6572104018912529	0.06542056074766354
0.6572104018912529	0.06542056074766354
0.6572104018912529	0.06542056074766354
0.6572104018912529	0.06542056074766354
0.6572104018912529	0.06457094307561598
0.6572104018912529	0.06457094307561598
0.6572104018912529	0.06457094307561598
0.6548463356973995	0.06457094307561598
0.6548463356973995	0.06457094307561598
0.6548463356973995	0.06457094307561598
0.6548463356973995	0.06457094307561598
0.6548463356973995	0.06457094307561598
0.6548463356973995	0.06457094307561598
0.6548463356973995	0.0637213254035684
0.6548463356973995	0.06287170773152082
0.6548463356973995	0.06287170773152082
0.6548463356973995	0.06287170773152082
0.6548463356973995	0.06287170773152082
0.6548463356973995	0.06287170773152082
0.6548463356973995	0.06287170773152082
0.6548463356973995	0.062022090059473234
0.6548463356973995	0.062022090059473234
0.6548463356973995	0.062022090059473234
0.6548463356973995	0.06117247238742566
0.6548463356973995	0.06117247238742566
0.6548463356973995	0.06117247238742566
0.6548463356973995	0.06117247238742566
0.6548463356973995	0.06117247238742566
0.6548463356973995	0.06117247238742566
0.6548463356973995	0.06117247238742566
0.6548463356973995	0.06117247238742566
0.6548463356973995	0.06117247238742566
0.6548463356973995	0.06117247238742566
0.6548463356973995	0.06117247238742566
0.6548463356973995	0.06117247238742566
0.6548463356973995	0.06032285471537808
0.6548463356973995	0.06032285471537808
0.6548463356973995	0.06032285471537808
0.6524822695035462	0.06032285471537808
0.6477541371158393	0.06032285471537808
0.6477541371158393	0.06032285471537808
0.6477541371158393	0.06032285471537808
0.6477541371158393	0.06032285471537808
0.6477541371158393	0.06032285471537808
0.6477541371158393	0.06032285471537808
0.6477541371158393	0.06032285471537808
0.6477541371158393	0.059473237043330504
0.6477541371158393	0.059473237043330504
0.6477541371158393	0.059473237043330504
0.6477541371158393	0.059473237043330504
0.6477541371158393	0.059473237043330504
0.6477541371158393	0.05862361937128292
0.6477541371158393	0.05862361937128292
0.6477541371158393	0.05862361937128292
0.6477541371158393	0.05862361937128292
0.6477541371158393	0.05862361937128292
0.6477541371158393	0.05862361937128292
0.6477541371158393	0.05862361937128292
0.6477541371158393	0.05862361937128292
0.6477541371158393	0.05862361937128292
0.6477541371158393	0.05862361937128292
0.6477541371158393	0.05862361937128292
0.6477541371158393	0.05862361937128292
0.6477541371158393	0.05862361937128292
0.6477541371158393	0.05862361937128292
0.6477541371158393	0.05862361937128292
0.6477541371158393	0.05862361937128292
0.6477541371158393	0.05862361937128292
0.6477541371158393	0.05862361937128292
0.6477541371158393	0.05862361937128292
0.6477541371158393	0.05862361937128292
0.6477541371158393	0.05862361937128292
0.6477541371158393	0.05862361937128292
0.6477541371158393	0.05862361937128292
0.6477541371158393	0.05862361937128292
0.6477541371158393	0.05862361937128292
0.6477541371158393	0.05862361937128292
0.6477541371158393	0.05862361937128292
0.6477541371158393	0.05862361937128292
0.6477541371158393	0.05777400169923534
0.6477541371158393	0.05777400169923534
0.6477541371158393	0.05777400169923534
0.6477541371158393	0.05692438402718777
0.6477541371158393	0.05692438402718777
0.6477541371158393	0.05692438402718777
0.6477541371158393	0.05692438402718777
0.6477541371158393	0.05692438402718777
0.6477541371158393	0.05692438402718777
0.6477541371158393	0.05692438402718777
0.6477541371158393	0.05692438402718777
0.6477541371158393	0.05692438402718777
0.6477541371158393	0.05692438402718777
0.6477541371158393	0.05692438402718777
0.6477541371158393	0.05692438402718777
0.6477541371158393	0.05692438402718777
0.6477541371158393	0.05692438402718777
0.6477541371158393	0.05692438402718777
0.6477541371158393	0.05692438402718777
0.6477541371158393	0.05692438402718777
0.6477541371158393	0.05692438402718777
0.6477541371158393	0.05692438402718777
0.6453900709219859	0.05692438402718777
0.6453900709219859	0.05692438402718777
0.6453900709219859	0.05692438402718777
0.6453900709219859	0.05692438402718777
0.6453900709219859	0.05692438402718777
0.6453900709219859	0.05692438402718777
0.6430260047281324	0.05692438402718777
0.6430260047281324	0.056074766355140186
0.6430260047281324	0.056074766355140186
0.6430260047281324	0.056074766355140186
0.6430260047281324	0.056074766355140186
0.6430260047281324	0.056074766355140186
0.6430260047281324	0.056074766355140186
0.6430260047281324	0.056074766355140186
0.6430260047281324	0.056074766355140186
0.6430260047281324	0.056074766355140186
0.6430260047281324	0.056074766355140186
0.6430260047281324	0.056074766355140186
0.6430260047281324	0.056074766355140186
0.6430260047281324	0.056074766355140186
0.640661938534279	0.056074766355140186
0.640661938534279	0.056074766355140186
0.640661938534279	0.056074766355140186
0.640661938534279	0.056074766355140186
0.640661938534279	0.056074766355140186
0.640661938534279	0.056074766355140186
0.640661938534279	0.055225148683092605
0.640661938534279	0.055225148683092605
0.640661938534279	0.055225148683092605
0.640661938534279	0.055225148683092605
0.640661938534279	0.055225148683092605
0.6382978723404256	0.055225148683092605
0.6382978723404256	0.055225148683092605
0.6382978723404256	0.055225148683092605
0.6382978723404256	0.055225148683092605
0.6382978723404256	0.055225148683092605
0.6382978723404256	0.055225148683092605
0.6382978723404256	0.055225148683092605
0.6382978723404256	0.055225148683092605
0.6382978723404256	0.055225148683092605
0.6382978723404256	0.055225148683092605
0.6382978723404256	0.055225148683092605
0.6382978723404256	0.055225148683092605
0.6382978723404256	0.05437553101104503
0.6382978723404256	0.05437553101104503
0.6382978723404256	0.05437553101104503
0.6359338061465721	0.05437553101104503
0.6359338061465721	0.05437553101104503
0.6359338061465721	0.05437553101104503
0.6359338061465721	0.05437553101104503
0.6359338061465721	0.05437553101104503
0.6359338061465721	0.05437553101104503
0.6359338061465721	0.05437553101104503
0.6359338061465721	0.05437553101104503
0.6359338061465721	0.05437553101104503
0.6359338061465721	0.05437553101104503
0.6359338061465721	0.05437553101104503
0.6359338061465721	0.05437553101104503
0.6359338061465721	0.05352591333899745
0.6359338061465721	0.05352591333899745
0.6359338061465721	0.05352591333899745
0.6359338061465721	0.05352591333899745
0.6359338061465721	0.05352591333899745
0.6359338061465721	0.05352591333899745
0.6359338061465721	0.05352591333899745
0.6359338061465721	0.05352591333899745
0.6359338061465721	0.05352591333899745
0.6359338061465721	0.05352591333899745
0.6359338061465721	0.05352591333899745
0.6359338061465721	0.05352591333899745
0.6359338061465721	0.05352591333899745
0.6359338061465721	0.05352591333899745
0.6359338061465721	0.05352591333899745
0.6359338061465721	0.05352591333899745
0.6359338061465721	0.05352591333899745
0.6359338061465721	0.05352591333899745
0.6359338061465721	0.05352591333899745
0.6359338061465721	0.05352591333899745
0.6359338061465721	0.05352591333899745
0.6359338061465721	0.05352591333899745
0.6359338061465721	0.05352591333899745
0.6359338061465721	0.05352591333899745
0.6359338061465721	0.05352591333899745
0.6359338061465721	0.05352591333899745
0.6359338061465721	0.05352591333899745
0.6359338061465721	0.05352591333899745
0.6359338061465721	0.05352591333899745
0.6359338061465721	0.05352591333899745
0.6359338061465721	0.05352591333899745
0.6359338061465721	0.05352591333899745
0.6359338061465721	0.05352591333899745
0.6359338061465721	0.05352591333899745
0.6359338061465721	0.05352591333899745
0.6359338061465721	0.05352591333899745
0.6359338061465721	0.05352591333899745
0.6335697399527187	0.05352591333899745
0.6335697399527187	0.05352591333899745
0.6335697399527187	0.05352591333899745
0.6335697399527187	0.05352591333899745
0.6335697399527187	0.05352591333899745
0.6335697399527187	0.05352591333899745
0.6335697399527187	0.05352591333899745
0.6335697399527187	0.05352591333899745
0.6335697399527187	0.05352591333899745
0.6335697399527187	0.05352591333899745
0.6335697399527187	0.05352591333899745
0.6335697399527187	0.05352591333899745
0.6335697399527187	0.05352591333899745
0.6335697399527187	0.052676295666949875
0.6335697399527187	0.052676295666949875
0.6335697399527187	0.052676295666949875
0.6335697399527187	0.052676295666949875
0.6335697399527187	0.052676295666949875
0.6335697399527187	0.052676295666949875
0.6312056737588653	0.052676295666949875
0.6312056737588653	0.052676295666949875
0.6312056737588653	0.052676295666949875
0.6312056737588653	0.052676295666949875
0.6312056737588653	0.052676295666949875
0.6312056737588653	0.052676295666949875
0.6312056737588653	0.052676295666949875
0.6312056737588653	0.051826677994902294
0.6312056737588653	0.051826677994902294
0.6312056737588653	0.051826677994902294
0.6288416075650118	0.051826677994902294
0.6288416075650118	0.051826677994902294
0.6288416075650118	0.051826677994902294
0.6288416075650118	0.051826677994902294
0.6288416075650118	0.051826677994902294
0.624113475177305	0.051826677994902294
0.624113475177305	0.051826677994902294
0.624113475177305	0.05097706032285471
0.624113475177305	0.05097706032285471
0.624113475177305	0.05012744265080714
0.624113475177305	0.04927782497875956
0.624113475177305	0.04927782497875956
0.624113475177305	0.04927782497875956
0.6217494089834515	0.04927782497875956
0.6217494089834515	0.04927782497875956
0.6217494089834515	0.04927782497875956
0.6217494089834515	0.04927782497875956
0.6217494089834515	0.04927782497875956
0.6217494089834515	0.04927782497875956
0.6217494089834515	0.04927782497875956
0.6217494089834515	0.04927782497875956
0.6217494089834515	0.04927782497875956
0.6217494089834515	0.04927782497875956
0.6217494089834515	0.04927782497875956
0.6217494089834515	0.04927782497875956
0.6217494089834515	0.04927782497875956
0.6217494089834515	0.04927782497875956
0.6217494089834515	0.04927782497875956
0.6193853427895981	0.04927782497875956
0.6193853427895981	0.04927782497875956
0.6193853427895981	0.04927782497875956
0.6193853427895981	0.04927782497875956
0.6193853427895981	0.04927782497875956
0.6193853427895981	0.04927782497875956
0.6193853427895981	0.04927782497875956
0.6193853427895981	0.04927782497875956
0.6193853427895981	0.04927782497875956
0.6193853427895981	0.04927782497875956
0.6193853427895981	0.04927782497875956
0.6193853427895981	0.04927782497875956
0.6170212765957447	0.04927782497875956
0.6170212765957447	0.04927782497875956
0.6170212765957447	0.04927782497875956
0.6170212765957447	0.04927782497875956
0.6170212765957447	0.04927782497875956
0.6170212765957447	0.04927782497875956
0.6170212765957447	0.04927782497875956
0.6170212765957447	0.04927782497875956
0.6146572104018913	0.04927782497875956
0.6146572104018913	0.04927782497875956
0.6146572104018913	0.04927782497875956
0.6146572104018913	0.04927782497875956
0.6146572104018913	0.04927782497875956
0.6146572104018913	0.04927782497875956
0.6146572104018913	0.04927782497875956
0.6146572104018913	0.04927782497875956
0.6146572104018913	0.04927782497875956
0.6122931442080378	0.04927782497875956
0.6122931442080378	0.04927782497875956
0.6122931442080378	0.04927782497875956
0.6122931442080378	0.04927782497875956
0.6122931442080378	0.04927782497875956
0.6122931442080378	0.04927782497875956
0.6122931442080378	0.04927782497875956
0.6122931442080378	0.04927782497875956
0.6122931442080378	0.048428207306711976
0.6099290780141844	0.048428207306711976
0.6099290780141844	0.048428207306711976
0.6099290780141844	0.048428207306711976
0.6099290780141844	0.048428207306711976
0.6099290780141844	0.048428207306711976
0.6099290780141844	0.0475785896346644
0.6099290780141844	0.0475785896346644
0.6099290780141844	0.0475785896346644
0.6099290780141844	0.0475785896346644
0.6099290780141844	0.0475785896346644
0.607565011820331	0.0475785896346644
0.607565011820331	0.0475785896346644
0.607565011820331	0.0475785896346644
0.607565011820331	0.04672897196261682
0.607565011820331	0.04672897196261682
0.607565011820331	0.04672897196261682
0.607565011820331	0.04672897196261682
0.607565011820331	0.04672897196261682
0.607565011820331	0.04672897196261682
0.607565011820331	0.04672897196261682
0.607565011820331	0.04672897196261682
0.607565011820331	0.04672897196261682
0.607565011820331	0.04672897196261682
0.607565011820331	0.04672897196261682
0.607565011820331	0.04672897196261682
0.607565011820331	0.04672897196261682
0.607565011820331	0.04672897196261682
0.607565011820331	0.04672897196261682
0.607565011820331	0.04672897196261682
0.607565011820331	0.04672897196261682
0.607565011820331	0.04672897196261682
0.607565011820331	0.04672897196261682
0.607565011820331	0.04672897196261682
0.607565011820331	0.04672897196261682
0.6052009456264775	0.04672897196261682
0.6052009456264775	0.04672897196261682
0.6052009456264775	0.04672897196261682
0.6052009456264775	0.04672897196261682
0.6052009456264775	0.04672897196261682
0.6028368794326241	0.04672897196261682
0.6004728132387707	0.04672897196261682
0.6004728132387707	0.04672897196261682
0.6004728132387707	0.04672897196261682
0.5981087470449172	0.04672897196261682
0.5981087470449172	0.04672897196261682
0.5981087470449172	0.04672897196261682
0.5981087470449172	0.04672897196261682
0.5981087470449172	0.04672897196261682
0.5981087470449172	0.04672897196261682
0.5981087470449172	0.04672897196261682
0.5957446808510638	0.04672897196261682
0.5957446808510638	0.045879354290569246
0.5933806146572104	0.045879354290569246
0.5933806146572104	0.045879354290569246
0.5933806146572104	0.045879354290569246
0.5933806146572104	0.045879354290569246
0.5933806146572104	0.045029736618521665
0.5933806146572104	0.045029736618521665
0.5933806146572104	0.045029736618521665
0.5933806146572104	0.045029736618521665
0.5933806146572104	0.045029736618521665
0.5933806146572104	0.045029736618521665
0.5933806146572104	0.045029736618521665
0.5933806146572104	0.045029736618521665
0.5933806146572104	0.045029736618521665
0.5933806146572104	0.045029736618521665
0.5933806146572104	0.045029736618521665
0.5933806146572104	0.045029736618521665
0.5933806146572104	0.045029736618521665
0.5933806146572104	0.045029736618521665
0.5933806146572104	0.045029736618521665
0.5933806146572104	0.045029736618521665
0.5933806146572104	0.045029736618521665
0.5933806146572104	0.045029736618521665
0.5933806146572104	0.045029736618521665
0.5933806146572104	0.045029736618521665
0.5933806146572104	0.045029736618521665
0.5933806146572104	0.045029736618521665
0.5910165484633569	0.045029736618521665
0.5886524822695035	0.045029736618521665
0.5886524822695035	0.045029736618521665
0.5886524822695035	0.045029736618521665
0.5886524822695035	0.045029736618521665
0.5886524822695035	0.045029736618521665
0.5886524822695035	0.045029736618521665
0.5862884160756501	0.045029736618521665
0.5862884160756501	0.045029736618521665
0.5862884160756501	0.045029736618521665
0.5862884160756501	0.045029736618521665
0.5862884160756501	0.045029736618521665
0.5862884160756501	0.045029736618521665
0.5862884160756501	0.045029736618521665
0.5862884160756501	0.044180118946474084
0.5862884160756501	0.044180118946474084
0.5862884160756501	0.044180118946474084
0.5862884160756501	0.044180118946474084
0.5862884160756501	0.044180118946474084
0.5862884160756501	0.044180118946474084
0.5862884160756501	0.044180118946474084
0.5862884160756501	0.044180118946474084
0.5862884160756501	0.044180118946474084
0.5862884160756501	0.044180118946474084
0.5862884160756501	0.044180118946474084
0.5862884160756501	0.044180118946474084
0.5862884160756501	0.044180118946474084
0.5862884160756501	0.044180118946474084
0.5862884160756501	0.044180118946474084
0.5862884160756501	0.044180118946474084
0.5862884160756501	0.044180118946474084
0.5862884160756501	0.044180118946474084
0.5862884160756501	0.044180118946474084
0.5862884160756501	0.044180118946474084
0.5862884160756501	0.044180118946474084
0.5862884160756501	0.044180118946474084
0.5862884160756501	0.044180118946474084
0.5862884160756501	0.044180118946474084
0.5862884160756501	0.044180118946474084
0.5862884160756501	0.044180118946474084
0.5862884160756501	0.044180118946474084
0.5862884160756501	0.044180118946474084
0.5862884160756501	0.044180118946474084
0.5862884160756501	0.044180118946474084
0.5862884160756501	0.044180118946474084
0.5862884160756501	0.04333050127442651
0.5862884160756501	0.04333050127442651
0.5862884160756501	0.04333050127442651
0.5862884160756501	0.04333050127442651
0.5862884160756501	0.04333050127442651
0.5862884160756501	0.04333050127442651
0.5862884160756501	0.04333050127442651
0.5862884160756501	0.04333050127442651
0.5862884160756501	0.04333050127442651
0.5862884160756501	0.04333050127442651
0.5862884160756501	0.04333050127442651
0.5862884160756501	0.04333050127442651
0.5862884160756501	0.04333050127442651
0.5862884160756501	0.04333050127442651
0.5862884160756501	0.04333050127442651
0.5862884160756501	0.04333050127442651
0.5862884160756501	0.04333050127442651
0.5862884160756501	0.04333050127442651
0.5862884160756501	0.04333050127442651
0.5862884160756501	0.04333050127442651
0.5862884160756501	0.04248088360237893
0.5862884160756501	0.04248088360237893
0.5862884160756501	0.04248088360237893
0.5862884160756501	0.04248088360237893
0.5862884160756501	0.04248088360237893
0.5862884160756501	0.04248088360237893
0.5862884160756501	0.04248088360237893
0.5862884160756501	0.04248088360237893
0.5862884160756501	0.04248088360237893
0.5862884160756501	0.04248088360237893
0.5839243498817966	0.04248088360237893
0.5839243498817966	0.041631265930331354
0.5839243498817966	0.041631265930331354
0.5839243498817966	0.041631265930331354
0.5839243498817966	0.041631265930331354
0.5815602836879432	0.041631265930331354
0.5815602836879432	0.041631265930331354
0.5815602836879432	0.041631265930331354
0.5815602836879432	0.041631265930331354
0.5815602836879432	0.041631265930331354
0.5815602836879432	0.041631265930331354
0.5815602836879432	0.041631265930331354
0.5815602836879432	0.04078164825828377
0.5815602836879432	0.04078164825828377
0.5815602836879432	0.04078164825828377
0.5815602836879432	0.04078164825828377
0.5815602836879432	0.04078164825828377
0.5815602836879432	0.04078164825828377
0.5815602836879432	0.04078164825828377
0.5815602836879432	0.04078164825828377
0.5815602836879432	0.04078164825828377
0.5815602836879432	0.04078164825828377
0.5815602836879432	0.04078164825828377
0.5815602836879432	0.04078164825828377
0.5815602836879432	0.04078164825828377
0.5815602836879432	0.04078164825828377
0.5815602836879432	0.04078164825828377
0.5815602836879432	0.04078164825828377
0.5815602836879432	0.04078164825828377
0.5815602836879432	0.04078164825828377
0.5815602836879432	0.04078164825828377
0.5815602836879432	0.04078164825828377
0.5815602836879432	0.04078164825828377
0.5815602836879432	0.04078164825828377
0.5815602836879432	0.04078164825828377
0.5815602836879432	0.04078164825828377
0.5815602836879432	0.04078164825828377
0.5815602836879432	0.04078164825828377
0.5791962174940898	0.04078164825828377
0.5791962174940898	0.04078164825828377
0.5791962174940898	0.04078164825828377
0.5791962174940898	0.04078164825828377
0.5791962174940898	0.04078164825828377
0.5791962174940898	0.04078164825828377
0.5791962174940898	0.04078164825828377
0.5791962174940898	0.04078164825828377
0.5791962174940898	0.04078164825828377
0.5791962174940898	0.03993203058623619
0.5791962174940898	0.03993203058623619
0.5791962174940898	0.03993203058623619
0.5768321513002365	0.03993203058623619
0.5768321513002365	0.03993203058623619
0.5768321513002365	0.03993203058623619
0.5768321513002365	0.03993203058623619
0.5768321513002365	0.03993203058623619
0.5768321513002365	0.03993203058623619
0.5768321513002365	0.03908241291418862
0.5768321513002365	0.03908241291418862
0.5768321513002365	0.03908241291418862
0.5768321513002365	0.03908241291418862
0.5768321513002365	0.03908241291418862
0.5768321513002365	0.03908241291418862
0.5768321513002365	0.03908241291418862
0.5768321513002365	0.03908241291418862
0.5768321513002365	0.03908241291418862
0.574468085106383	0.03908241291418862
0.574468085106383	0.03908241291418862
0.574468085106383	0.03908241291418862
0.574468085106383	0.03908241291418862
0.574468085106383	0.03908241291418862
0.574468085106383	0.03908241291418862
0.574468085106383	0.03908241291418862
0.574468085106383	0.03908241291418862
0.574468085106383	0.03908241291418862
0.574468085106383	0.03908241291418862
0.574468085106383	0.03908241291418862
0.574468085106383	0.03908241291418862
0.574468085106383	0.03908241291418862
0.574468085106383	0.03908241291418862
0.5721040189125296	0.038232795242141036
0.5721040189125296	0.038232795242141036
0.5721040189125296	0.038232795242141036
0.5721040189125296	0.037383177570093455
0.5721040189125296	0.037383177570093455
0.5721040189125296	0.037383177570093455
0.5721040189125296	0.037383177570093455
0.5721040189125296	0.037383177570093455
0.5721040189125296	0.037383177570093455
0.5721040189125296	0.037383177570093455
0.5721040189125296	0.037383177570093455
0.5721040189125296	0.037383177570093455
0.5697399527186762	0.037383177570093455
0.5697399527186762	0.037383177570093455
0.5697399527186762	0.037383177570093455
0.5697399527186762	0.037383177570093455
0.5697399527186762	0.037383177570093455
0.5673758865248227	0.037383177570093455
0.5673758865248227	0.037383177570093455
0.5673758865248227	0.037383177570093455
0.5673758865248227	0.037383177570093455
0.5673758865248227	0.037383177570093455
0.5673758865248227	0.037383177570093455
0.5673758865248227	0.037383177570093455
0.5673758865248227	0.037383177570093455
0.5673758865248227	0.037383177570093455
0.5673758865248227	0.037383177570093455
0.5673758865248227	0.037383177570093455
0.5673758865248227	0.037383177570093455
0.5673758865248227	0.037383177570093455
0.5673758865248227	0.037383177570093455
0.5673758865248227	0.037383177570093455
0.5673758865248227	0.037383177570093455
0.5673758865248227	0.037383177570093455
0.5673758865248227	0.037383177570093455
0.5673758865248227	0.037383177570093455
0.5673758865248227	0.037383177570093455
0.5673758865248227	0.037383177570093455
0.5673758865248227	0.037383177570093455
0.5673758865248227	0.037383177570093455
0.5673758865248227	0.037383177570093455
0.5673758865248227	0.037383177570093455
0.5673758865248227	0.037383177570093455
0.5673758865248227	0.037383177570093455
0.5650118203309693	0.037383177570093455
0.5650118203309693	0.037383177570093455
0.5650118203309693	0.037383177570093455
0.5650118203309693	0.037383177570093455
0.5650118203309693	0.037383177570093455
0.5650118203309693	0.037383177570093455
0.5650118203309693	0.037383177570093455
0.5650118203309693	0.037383177570093455
0.5650118203309693	0.037383177570093455
0.5650118203309693	0.037383177570093455
0.5650118203309693	0.037383177570093455
0.5650118203309693	0.037383177570093455
0.5650118203309693	0.037383177570093455
0.5650118203309693	0.037383177570093455
0.5650118203309693	0.037383177570093455
0.5650118203309693	0.037383177570093455
0.5650118203309693	0.037383177570093455
0.5650118203309693	0.037383177570093455
0.5650118203309693	0.037383177570093455
0.5650118203309693	0.037383177570093455
0.5650118203309693	0.037383177570093455
0.5650118203309693	0.037383177570093455
0.5650118203309693	0.037383177570093455
0.5650118203309693	0.037383177570093455
0.5650118203309693	0.037383177570093455
0.5650118203309693	0.037383177570093455
0.5650118203309693	0.037383177570093455
0.5650118203309693	0.037383177570093455
0.5650118203309693	0.037383177570093455
0.5650118203309693	0.037383177570093455
0.5650118203309693	0.037383177570093455
0.5650118203309693	0.037383177570093455
0.5626477541371159	0.037383177570093455
0.5626477541371159	0.037383177570093455
0.5626477541371159	0.037383177570093455
0.5626477541371159	0.037383177570093455
0.5602836879432624	0.037383177570093455
0.5602836879432624	0.037383177570093455
0.5602836879432624	0.037383177570093455
0.5602836879432624	0.037383177570093455
0.5602836879432624	0.037383177570093455
0.5602836879432624	0.037383177570093455
0.5602836879432624	0.037383177570093455
0.5602836879432624	0.037383177570093455
0.5602836879432624	0.037383177570093455
0.5602836879432624	0.037383177570093455
0.5602836879432624	0.037383177570093455
0.5602836879432624	0.037383177570093455
0.5602836879432624	0.037383177570093455
0.557919621749409	0.037383177570093455
0.557919621749409	0.037383177570093455
0.557919621749409	0.037383177570093455
0.557919621749409	0.037383177570093455
0.557919621749409	0.037383177570093455
0.557919621749409	0.037383177570093455
0.557919621749409	0.037383177570093455
0.5555555555555556	0.037383177570093455
0.5555555555555556	0.037383177570093455
0.5555555555555556	0.037383177570093455
0.5531914893617021	0.037383177570093455
0.5531914893617021	0.037383177570093455
0.5531914893617021	0.037383177570093455
0.5531914893617021	0.037383177570093455
0.5531914893617021	0.037383177570093455
0.5508274231678487	0.037383177570093455
0.5508274231678487	0.037383177570093455
0.5484633569739953	0.037383177570093455
0.5484633569739953	0.037383177570093455
0.5460992907801419	0.037383177570093455
0.5460992907801419	0.037383177570093455
0.5460992907801419	0.037383177570093455
0.5460992907801419	0.037383177570093455
0.5460992907801419	0.037383177570093455
0.5460992907801419	0.037383177570093455
0.5460992907801419	0.037383177570093455
0.5460992907801419	0.037383177570093455
0.5460992907801419	0.037383177570093455
0.5460992907801419	0.037383177570093455
0.5460992907801419	0.037383177570093455
0.5460992907801419	0.037383177570093455
0.5460992907801419	0.037383177570093455
0.5460992907801419	0.03653355989804588
0.5460992907801419	0.03653355989804588
0.5437352245862884	0.03653355989804588
0.5437352245862884	0.03653355989804588
0.5437352245862884	0.03653355989804588
0.5437352245862884	0.03653355989804588
0.5437352245862884	0.03653355989804588
0.541371158392435	0.03653355989804588
0.541371158392435	0.03653355989804588
0.541371158392435	0.03653355989804588
0.5390070921985816	0.03653355989804588
0.5390070921985816	0.03653355989804588
0.5390070921985816	0.0356839422259983
0.5390070921985816	0.0356839422259983
0.5390070921985816	0.0356839422259983
0.5390070921985816	0.0356839422259983
0.5390070921985816	0.0356839422259983
0.5390070921985816	0.0356839422259983
0.5390070921985816	0.0356839422259983
0.5390070921985816	0.0356839422259983
0.5390070921985816	0.0356839422259983
0.5390070921985816	0.0356839422259983
0.5366430260047281	0.0356839422259983
0.5366430260047281	0.0356839422259983
0.5366430260047281	0.0356839422259983
0.5366430260047281	0.0356839422259983
0.5366430260047281	0.0356839422259983
0.5366430260047281	0.0356839422259983
0.5366430260047281	0.0356839422259983
0.5366430260047281	0.0356839422259983
0.5366430260047281	0.0356839422259983
0.5366430260047281	0.0356839422259983
0.5366430260047281	0.0356839422259983
0.5366430260047281	0.0356839422259983
0.5366430260047281	0.0356839422259983
0.5366430260047281	0.0356839422259983
0.5366430260047281	0.0356839422259983
0.5366430260047281	0.0356839422259983
0.5366430260047281	0.0356839422259983
0.5366430260047281	0.0356839422259983
0.5366430260047281	0.034834324553950725
0.5366430260047281	0.034834324553950725
0.5366430260047281	0.034834324553950725
0.5366430260047281	0.034834324553950725
0.5366430260047281	0.034834324553950725
0.5366430260047281	0.034834324553950725
0.5366430260047281	0.034834324553950725
0.5366430260047281	0.034834324553950725
0.5366430260047281	0.033984706881903144
0.5366430260047281	0.033984706881903144
0.5366430260047281	0.033984706881903144
0.5342789598108747	0.033984706881903144
0.5319148936170213	0.033984706881903144
0.5319148936170213	0.033984706881903144
0.5319148936170213	0.033984706881903144
0.5319148936170213	0.033984706881903144
0.5295508274231678	0.03313508920985556
0.5295508274231678	0.03313508920985556
0.5295508274231678	0.03228547153780799
0.5271867612293144	0.03228547153780799
0.5271867612293144	0.03228547153780799
0.5271867612293144	0.03228547153780799
0.5271867612293144	0.03228547153780799
0.5271867612293144	0.03228547153780799
0.5271867612293144	0.03228547153780799
0.5271867612293144	0.03228547153780799
0.5271867612293144	0.03228547153780799
0.5271867612293144	0.03228547153780799
0.5271867612293144	0.03228547153780799
0.524822695035461	0.03228547153780799
0.524822695035461	0.03228547153780799
0.524822695035461	0.03228547153780799
0.524822695035461	0.03228547153780799
0.524822695035461	0.03228547153780799
0.524822695035461	0.03228547153780799
0.524822695035461	0.03228547153780799
0.524822695035461	0.03228547153780799
0.524822695035461	0.03228547153780799
0.524822695035461	0.03228547153780799
0.524822695035461	0.03228547153780799
0.524822695035461	0.03228547153780799
0.524822695035461	0.03143585386576041
0.5224586288416075	0.03143585386576041
0.5224586288416075	0.03143585386576041
0.5224586288416075	0.03143585386576041
0.5200945626477541	0.03143585386576041
0.5200945626477541	0.03143585386576041
0.5200945626477541	0.03143585386576041
0.5200945626477541	0.03143585386576041
0.5200945626477541	0.03143585386576041
0.5200945626477541	0.03143585386576041
0.5177304964539007	0.03143585386576041
0.5177304964539007	0.03143585386576041
0.5153664302600472	0.03143585386576041
0.5153664302600472	0.03143585386576041
0.5153664302600472	0.03143585386576041
0.5153664302600472	0.03143585386576041
0.5153664302600472	0.03143585386576041
0.5130023640661938	0.03143585386576041
0.5130023640661938	0.03143585386576041
0.5130023640661938	0.03143585386576041
0.5130023640661938	0.03143585386576041
0.5130023640661938	0.03143585386576041
0.5130023640661938	0.03143585386576041
0.5130023640661938	0.03143585386576041
0.5130023640661938	0.03143585386576041
0.5130023640661938	0.03143585386576041
0.5130023640661938	0.03143585386576041
0.5130023640661938	0.03143585386576041
0.5106382978723404	0.03143585386576041
0.5106382978723404	0.03143585386576041
0.5106382978723404	0.03143585386576041
0.5106382978723404	0.03143585386576041
0.5106382978723404	0.03143585386576041
0.5106382978723404	0.03143585386576041
0.508274231678487	0.03143585386576041
0.508274231678487	0.03143585386576041
0.508274231678487	0.03143585386576041
0.508274231678487	0.03143585386576041
0.508274231678487	0.03143585386576041
0.508274231678487	0.03143585386576041
0.5059101654846335	0.03143585386576041
0.5059101654846335	0.03143585386576041
0.5059101654846335	0.03143585386576041
0.5059101654846335	0.03143585386576041
0.5059101654846335	0.03143585386576041
0.5059101654846335	0.03143585386576041
0.5059101654846335	0.03058623619371283
0.5059101654846335	0.03058623619371283
0.5059101654846335	0.029736618521665252
0.5059101654846335	0.029736618521665252
0.5035460992907801	0.029736618521665252
0.5035460992907801	0.029736618521665252
0.5035460992907801	0.029736618521665252
0.5035460992907801	0.029736618521665252
0.5035460992907801	0.02888700084961767
0.4988179669030733	0.02888700084961767
0.4988179669030733	0.02888700084961767
0.4988179669030733	0.02888700084961767
0.4988179669030733	0.02888700084961767
0.49645390070921985	0.02888700084961767
0.4940898345153664	0.02888700084961767
0.4940898345153664	0.02888700084961767
0.491725768321513	0.02888700084961767
0.491725768321513	0.02888700084961767
0.491725768321513	0.02888700084961767
0.48699763593380613	0.02888700084961767
0.48226950354609927	0.02888700084961767
0.4799054373522459	0.02888700084961767
0.47754137115839246	0.028037383177570093
0.47754137115839246	0.028037383177570093
0.47754137115839246	0.028037383177570093
0.475177304964539	0.026338147833474938
0.475177304964539	0.026338147833474938
0.47044917257683216	0.025488530161427356
0.46808510638297873	0.02463891248937978
0.46808510638297873	0.02463891248937978
0.46808510638297873	0.02463891248937978
0.46808510638297873	0.02463891248937978
0.4657210401891253	0.0237892948173322
0.458628841607565	0.022939677145284623
0.45390070921985815	0.021240441801189464
0.4491725768321513	0.020390824129141887
0.4397163120567376	0.020390824129141887
0.4302600472813239	0.018691588785046728
0.41134751773049644	0.016142735768903994
0.3475177304964539	0.014443500424808835
0.2364066193853428	0.011045029736618521
0.06619385342789598	0.002548853016142736
0.0	0.0
